01000100000000000000000000001011
01000001110100101111011010111000
01000010000111000110110001100100
11000001011101101100011010100000
11000010001011100110110000011100
01000001100010010001101001111000
11000010000001101011100110000100
01000010100010100011011100000000
11000001100000101010111000100000
11000010010000010001101101101100
11000010100011111000000111110110
01000000011010101110101100000000
01000010001011010100100100100100
01000010000111000110001110100000
01000010011010000100111111010000
11000010100010011101000011110110
11000010100010001010000001010100
11000001111011110111111110000000
11000010001001111110000100101000
11000001100101001111001011110000
01000010001000111000110011100100
11000010000010110011111000110000
11000010011111000010101011001000
11000001101100110010100111011000
01000001111000101100001100011000
01000010011111011000010011110100
11000001110100100010000010101000
11000001001110000011100010110000
11000010010001110001011110110000
11000001000000010010101111100000
01000001111111100101010110110000
01000010000111110111000001010000
01000001011011101011001111010000
11000001001100011001111100100000
01000001101000101010011111111000
11000001111011000010100010111000
11000010011011001000011011010100
01000001001101000000010100110000
01000010010000001111001010011000
11000001110010101110111110001000
01000001111001100000011000000000
01000001100111101110011000101000
01000000110111100011010100000000
11000001001010010000010100110000
01000010000111100000110110001000
01000010000111110010010011111000
01000001011001011010111100100000
01000010000101101110001010011100
11000001001010011110001011110000
01000000101101010111111010000000
11000001010100000011111100100000
11000001101110010110001101110000
01000001101010101010000110011000
01000001001001101101110100110000
11000001001011000100111111000000
11000010110001111001111100111000
11000010001010110100011100010000
11000001100010110100110100010000
11000001111100111011001011010000
11000010011011000110110110111100
11000001101000010111001111110000
11000001110101111000101100011000
11000001101011001110011110101000
11000001011101011100001010010000
01000001100110001111010000001000
01000010011011011001011010111100
11000001100010010101101011111000
01000001110011100010000100110000
11000000100000011100001100100000
01000001000100001110110111010000
01000001111110011111100011011000
01000010011101000010100101110100
11000001100000011000010000101000
11000001101101100110100011100000
11000001001001010010000110100000
11000001000101110010111011110000
01000010000111000111010100111100
01000010000111110000011110011000
01000010011011111100111111110100
11000001000111000000011111000000
01000001100001110010000010101000
01000010000101111100110111100100
01000001101101001011001110000000
01000001100110101110110001001000
11000010001001001110010110011100
01000001010100001111111001110000
01000001001000111001010011010000
01000000000001110001100000000000
01000001011000101111010100000000
01000010101111010001111100100110
11000001010001110111011000100000
01000010000000010011011110001000
11000001001100100110111000000000
11000001100110011111101010011000
01000010001111000100111001111100
01000000110110111100111011100000
11000000001010101101001111000000
01000001101101100111000100010000
11000001100101010010100111001000
11000001001001111001000100110000
11000001000010011000111100100000
01000001111010101100011010100000
01000001011100100000101010110000
11000001100010000101111011000000
11000001100010111111001111100000
01000001001110000011111100010000
01000001110111110010111100111000
11000001101111011100110011010000
11000000100101001101101110000000
01000001101011001100101111000000
11000000101010010101100110000000
01000000101100111011010000100000
10111111100111011010010000000000
01000001110001110011101101110000
10111111010100010000111100000000
11000001000010000000011001100000
00111111111011001011010100000000
11000010000100001101100000001100
01000001011000001011010111110000
11000001111011001000100011101000
01000001101110111011001010101000
11000001011101101101110010010000
11000000100110011011101101100000
11000001101000111101111011100000
11000001110001001110000101001000
11000000100010100001110100100000
11000010010100101000000001110000
11000001100110110111110101111000
11000000100000111010010110100000
11000010010000000101111110001100
01000001101001110100001100001000
01000000100010000111000001100000
01000010100000100000001100100110
11000001100100010000000001010000
01000001101101010001101000110000
01000010000111010110010010011000
11000010010100001000111011000000
01000000111101011110111100000000
11000010001000111010000101110100
11000001101110001001010100000000
11000001101010000100100011111000
11000001100100010101100110100000
01000000110010100100010000000000
11000001101101011011010100011000
11000000100011110100110011000000
01000001011100000010010010010000
01000010000010010110001001110100
01000000100111100010100000000000
01000001000110010001011111010000
01000001010010010001101011100000
11000000100010111000100011000000
11000000100110100011000001100000
11000001111111100101001000101000
11000010000011011101001111101000
01000010000001001101001001110000
11000001000111001101110110000000
01000010000011000000000101110100
11000001010011100110010111010000
11000000101111110001110101000000
01000001001000010110111100100000
01000001100111001000000101010000
11000001010101001101111110100000
01000010001010110110011001000000
11000001100110011001110001110000
11000001000110111010101010110000
01000001001010110010001100010000
00111111101101001001110010000000
11000001100001001110010101001000
11000001100000011110011010010000
01000010000011110101011001111000
11000001011000010100010001100000
11000001001111011111110010100000
01000010000101111110110111010000
01000000101011100001100000100000
01000010000101010101010101101100
01000001001001111000011000010000
11000001000101000010111000000000
01000001111101010011000100100000
01000000000010010000110111000000
10111110100100110101000000000000
01000001010100110101110011100000
01000001101010001100111111101000
01000000111110010110100010100000
11000001101011100011001010010000
01000001000011001011010101110000
11000001010101110001011011000000
01000001100101111100100001100000
11000001001110101000001001110000
11000001000010101110111101000000
11000001010011100011111100000000
11000001000110011111000101110000
00111111011001000111001100000000
01000001100011000100001001110000
01000001000011010001101000000000
01000001101000011101010101110000
11000000110000111101000000100000
11000001101001011101011110000000
01000001100110100111100111111000
01000001110111101101000111001000
11000000000100000001101010000000
01000001000100100010001101110000
11000001001000100000011010010000
01000001101010110010110101000000
01000000011001110011111110000000
11000001000000011111101000100000
11000001010011111111110011110000
11000001001101000101011111100000
01000010000111011100110000011100
10111111001111100010001000000000
11000000101101011100110001100000
11000010000001011101001001001000
11000000111111100010010010100000
01000001011101101100011000100000
01000001010110010111001111010000
11000001100101011101010010001000
11000001101111101001110110110000
11000001110100011101010110001000
11000001000000100100110100000000
11000000110101011111001111100000
00111111000101011111100100000000
00111110010101001011100000000000
11000000001101110100010010000000
01000001011110010100010001000000
01000000110001110110111100100000
01000000100000101110011100100000
10111111111001100101010000000000
01000000110010101001110001100000
01000001100000101111111100010000
01000001001100010010000100010000
11000000000101110100101100000000
01000000110011000101010100000000
11000001100111111000111000101000
11000001000101100011101101010000
01000000110011100110111000000000
01000010000000101001000011000100
01000001000101111100010010000000
01000001100000000010111010110000
01000000001110001000001000000000
01000001100000011001010110000000
01000001010001011011110001000000
01000001000011110000001101110000
01000000000111110101110101000000
11000001010110001001001101010000
11000000110010000001100011000000
01000010010111100001011101111000
11000000110110100001011011000000
01000001100000100111101010101000
01000001111101011111010100010000
11000001011110110010001101010000
00111101110101111100100000000000
11000001000110111001001110100000
01000001111000011000011110010000
01000001000111101110101001000000
01000001001100110010010100000000
01000000100100100001101011000000
11000001100110100101100110011000
11000001101001111000110011100000
00000000000000000000000000000000
00000000000000000000000000000000
00000000000000000000000000000000
00000000000000000000000000000000
00000000000000000000000000000000
00000000000000000000000000000000
00000000000000000000000000000000
00000000000000000000000000000000
00000000000000000000000000000000
00000000000000000000000000000000
00000000000000000000000000000000
00000000000000000000000000000000
00000000000000000000000000000000
00000000000000000000000000000000
00000000000000000000000000000000
00000000000000000000000000000000
00000000000000000000000000000000
00000000000000000000000000000000
00000000000000000000000000000000
00000000000000000000000000000000
00000000000000000000000000000000
00000000000000000000000000000000
00000000000000000000000000000000
00000000000000000000000000000000
00000000000000000000000000000000
00000000000000000000000000000000
00000000000000000000000000000000
00000000000000000000000000000000
00000000000000000000000000000000
00000000000000000000000000000000
00000000000000000000000000000000
00000000000000000000000000000000
00000000000000000000000000000000
00000000000000000000000000000000
00000000000000000000000000000000
00000000000000000000000000000000
00000000000000000000000000000000
00000000000000000000000000000000
00000000000000000000000000000000
00000000000000000000000000000000
00000000000000000000000000000000
00000000000000000000000000000000
00000000000000000000000000000000
00000000000000000000000000000000
00000000000000000000000000000000
00000000000000000000000000000000
00000000000000000000000000000000
00000000000000000000000000000000
00000000000000000000000000000000
00000000000000000000000000000000
00000000000000000000000000000000
00000000000000000000000000000000
00000000000000000000000000000000
00000000000000000000000000000000
00000000000000000000000000000000
00000000000000000000000000000000
00000000000000000000000000000000
00000000000000000000000000000000
00000000000000000000000000000000
00000000000000000000000000000000
00000000000000000000000000000000
00000000000000000000000000000000
00000000000000000000000000000000
00000000000000000000000000000000
00000000000000000000000000000000
00000000000000000000000000000000
00000000000000000000000000000000
00000000000000000000000000000000
00000000000000000000000000000000
00000000000000000000000000000000
00000000000000000000000000000000
00000000000000000000000000000000
00000000000000000000000000000000
00000000000000000000000000000000
00000000000000000000000000000000
00000000000000000000000000000000
00000000000000000000000000000000
00000000000000000000000000000000
00000000000000000000000000000000
00000000000000000000000000000000
00000000000000000000000000000000
00000000000000000000000000000000
00000000000000000000000000000000
00000000000000000000000000000000
00000000000000000000000000000000
00000000000000000000000000000000
00000000000000000000000000000000
00000000000000000000000000000000
00000000000000000000000000000000
00000000000000000000000000000000
00000000000000000000000000000000
00000000000000000000000000000000
00000000000000000000000000000000
00000000000000000000000000000000
00000000000000000000000000000000
00000000000000000000000000000000
00000000000000000000000000000000
00000000000000000000000000000000
00000000000000000000000000000000
00000000000000000000000000000000
00000000000000000000000000000000
00000000000000000000000000000000
00000000000000000000000000000000
00000000000000000000000000000000
00000000000000000000000000000000
00000000000000000000000000000000
00000000000000000000000000000000
00000000000000000000000000000000
00000000000000000000000000000000
00000000000000000000000000000000
00000000000000000000000000000000
00000000000000000000000000000000
00000000000000000000000000000000
00000000000000000000000000000000
00000000000000000000000000000000
00000000000000000000000000000000
00000000000000000000000000000000
00000000000000000000000000000000
00000000000000000000000000000000
00000000000000000000000000000000
00000000000000000000000000000000
00000000000000000000000000000000
00000000000000000000000000000000
00000000000000000000000000000000
00000000000000000000000000000000
00000000000000000000000000000000
00000000000000000000000000000000
00000000000000000000000000000000
00000000000000000000000000000000
00000000000000000000000000000000
00000000000000000000000000000000
00000000000000000000000000000000
00000000000000000000000000000000
00000000000000000000000000000000
00000000000000000000000000000000
00000000000000000000000000000000
00000000000000000000000000000000
00000000000000000000000000000000
00000000000000000000000000000000
00000000000000000000000000000000
00000000000000000000000000000000
00000000000000000000000000000000
00000000000000000000000000000000
00000000000000000000000000000000
00000000000000000000000000000000
00000000000000000000000000000000
00000000000000000000000000000000
00000000000000000000000000000000
00000000000000000000000000000000
00000000000000000000000000000000
00000000000000000000000000000000
00000000000000000000000000000000
00000000000000000000000000000000
00000000000000000000000000000000
00000000000000000000000000000000
00000000000000000000000000000000
00000000000000000000000000000000
00000000000000000000000000000000
00000000000000000000000000000000
00000000000000000000000000000000
00000000000000000000000000000000
00000000000000000000000000000000
00000000000000000000000000000000
00000000000000000000000000000000
00000000000000000000000000000000
00000000000000000000000000000000
00000000000000000000000000000000
00000000000000000000000000000000
00000000000000000000000000000000
00000000000000000000000000000000
00000000000000000000000000000000
00000000000000000000000000000000
00000000000000000000000000000000
00000000000000000000000000000000
00000000000000000000000000000000
00000000000000000000000000000000
00000000000000000000000000000000
00000000000000000000000000000000
00000000000000000000000000000000
00000000000000000000000000000000
00000000000000000000000000000000
00000000000000000000000000000000
00000000000000000000000000000000
00000000000000000000000000000000
00000000000000000000000000000000
00000000000000000000000000000000
00000000000000000000000000000000
00000000000000000000000000000000
00000000000000000000000000000000
00000000000000000000000000000000
00000000000000000000000000000000
00000000000000000000000000000000
00000000000000000000000000000000
00000000000000000000000000000000
00000000000000000000000000000000
00000000000000000000000000000000
00000000000000000000000000000000
00000000000000000000000000000000
00000000000000000000000000000000
00000000000000000000000000000000
00000000000000000000000000000000
00000000000000000000000000000000
00000000000000000000000000000000
00000000000000000000000000000000
00000000000000000000000000000000
00000000000000000000000000000000
00000000000000000000000000000000
00000000000000000000000000000000
00000000000000000000000000000000
00000000000000000000000000000000
00000000000000000000000000000000
00000000000000000000000000000000
00000000000000000000000000000000
00000000000000000000000000000000
00000000000000000000000000000000
00000000000000000000000000000000
00000000000000000000000000000000
00000000000000000000000000000000
00000000000000000000000000000000
00000000000000000000000000000000
00000000000000000000000000000000
00000000000000000000000000000000
00000000000000000000000000000000
00000000000000000000000000000000
00000000000000000000000000000000
00000000000000000000000000000000
00000000000000000000000000000000
00000000000000000000000000000000
00000000000000000000000000000000
00000000000000000000000000000000
00000000000000000000000000000000
00000000000000000000000000000000
00000000000000000000000000000000
00000000000000000000000000000000
00000000000000000000000000000000
00000000000000000000000000000000
00000000000000000000000000000000
00000000000000000000000000000000
00000000000000000000000000000000
00000000000000000000000000000000
00000000000000000000000000000000
00000000000000000000000000000000
00000000000000000000000000000000
00000000000000000000000000000000
00000000000000000000000000000000
00000000000000000000000000000000
00000000000000000000000000000000
00000000000000000000000000000000
00000000000000000000000000000000
00000000000000000000000000000000
00000000000000000000000000000000
00000000000000000000000000000000
00000000000000000000000000000000
00000000000000000000000000000000
00000000000000000000000000000000
