00000000000000000000000000000000
01000001011100110110101101100000
01000000000111011101110001000000
11000010001100001011100000111100
01000001100110110000011110111000
11000000001110001010110010000000
11000001001101010011000111100000
11000010000010100010110010100000
10111111111111111001100100000000
11000001111111101100010010111000
01000001010111110011010001110000
01000001011010011001110011010000
11000001100010101001010111010000
11000000011111111100110010000000
11000010010000010000010100111100
11000001000001111001101100000000
11000000110111010110000010000000
01000001101100000000000110000000
01000010100001001110001011000000
11000000101010000001110011100000
11000010001100011011100110101100
11000001101001011010110011110000
10111110101000001101101000000000
11000001111000101010111001111000
01000010100001100111100000100000
01000010001011010111100011001000
11000001100000010100100100111000
01000010001101110111000000001000
11000000110110100000010011000000
01000010100010000100101101101110
01000010011100000111001011011000
01000010100101100110001011000000
00111111010100001100100000000000
11000010010101100011110010111100
01000000001001101111000001000000
01000000110010111001101010000000
01000001100111010111101010110000
10111111101011111011011010000000
01000010000001010000111000100100
01000010010111001100110100110000
11000010011001101110101101110000
11000010001010110100111011000000
01000010001110010110010011101100
01000000111101100101111000000000
11000001111011000110100111100000
11000001100011100000000011001000
11000010101000000011101110110000
11000001110110001010111110010000
10111111100011100110100000000000
10111111011000110001101000000000
01000001000100110000111000010000
10111111011001011111101000000000
11000010001110100110001101010100
11000000110111000111101110000000
11000000110100110000111110000000
01000001010010010111100100010000
01000000011010011101000010000000
11000001111000101100011000001000
00111111010111010000000100000000
01000001011010110011000110000000
01000001100111110000101001110000
01000001101101110111011011100000
01000010100000111010100011011010
01000010010110111111010111100100
01000000100101100010101101000000
11000001111101011011100000001000
11000001001100011110110011000000
01000001001101110010101101010000
01000001110000111101010100110000
11000001010111110000011100000000
11000010011100110011111001011100
11000010000101100010010110010100
11000010010000010011110000111100
01000001000001110111000010000000
11000001100110010110101100011000
01000010010111101110111000110100
01000001001010001010010110100000
11000001010011001011101011010000
11000001110110011111100101101000
00111111100011001101100000000000
01000001010111000111010000100000
11000001110000110010010010011000
01000010001110000110000100110000
01000001100110011100100100011000
11000010001010111011001100000100
01000000000001110010100110000000
11000001111011101110100101100000
01000001100110100000110111110000
01000001101111000100110101011000
11000001110010110010000101000000
11000001111100010011001100111000
01000001100100010001110001110000
01000001100000111100010010111000
01000000111100010001100001000000
01000001101001110010111100011000
01000000001110010111100001000000
11000001010110101110101001000000
11000001011111100101011101110000
00111111011101101100110000000000
01000001101001000101111000110000
01000001011111001001101101010000
01000001101010011110011000101000
01000001001111100111100011010000
11000001101101111001000111011000
11000001100010001101001110001000
01000010010100001100001100100100
11000001000011010111101011100000
01000010101000000010011001010000
01000010000100000111011101011000
00111110111111011111111000000000
11000001011110111000000001110000
11000001110011111011011001110000
11000000001001110011000010000000
01000001001011010010111110100000
01000001100010010001001001011000
11000001111111111111110001100000
01000001010011111100010000110000
11000010010101110100010101000000
11000001110010110010101010111000
11000001100000000010111001111000
11000001001011001101110011000000
11000010000110101001010011100000
01000001000100100010110001110000
11000001000010101011100011010000
11000001110001011000000100111000
01000001110111110000110011111000
01000000110011001110010001000000
01000010000101110011100010010100
01000010010110001110101011110000
11000000111110010011111100100000
01000001011100101101011010100000
11000001001111011110110001010000
01000010000001000010100100011000
11000001111010000000000111000000
01000001000111110001100001000000
11000010011101000000101010001100
01000010001000001010010101111100
01000001000101001110000100100000
01000010001110010101101000110000
01000001110001000111010101011000
01000000111000100010101101000000
11000001101101110111001101111000
11000001100011111101101001110000
11000010001100110000100000111100
01000000100000100101101100100000
01000010001001001011010001010100
11000001110100001010111110110000
11000001010100100000000011000000
00111111101011010001011100000000
00111111101011001011001110000000
11000001100100011111001010100000
11000001001110110011000010000000
01000010011011101001010000110100
01000000011111110111101001000000
11000010010101011000000101001100
11000000101110011111101100100000
01000000100101001010110011100000
01000001110001101000011010110000
11000001001111011110001101100000
01000001011111011000001110010000
11000001101110110011111110101000
01000001101001011010010000110000
01000000010000001011110111000000
11000001100101110001010101110000
01000001010111001000001010110000
11000001111001011001110000011000
01000000000011111101111101000000
11000001110111101010001011101000
11000001101010000000001111010000
01000000101000010101001101100000
01000001001110010101100001100000
11000001100010000011101011010000
01000001101010010111001110101000
11000001110111110110110001100000
01000001000000111101100101010000
01000000111000111101110001100000
01000001100010100011101101110000
01000000100000011000010100000000
01000001010111011110110101000000
01000010001000110101010101110100
01000000101000110010110100000000
01000001011100010011010000000000
11000000110111010100100100100000
11000001001010100011011110000000
11000000100111110100111001000000
11000001111100010111111110010000
11000001001100110010100001110000
11000000110001110101011110100000
10111111011101001111000000000000
11000001101000100110110011010000
01000000111110110010100101000000
11000001110010011100010000001000
01000001111001010000011101000000
01000001101101010110010111011000
00111111011010010001010000000000
11000000100100011101101000100000
01000001111011000000011001001000
11000000111011011001010110000000
01000000001011010000011001000000
11000000100011011011000110100000
11000001110001010111101101110000
11000001101001010000100011000000
11000001101111010101011100001000
11000001110110000001011000001000
11000001001011011001000110110000
01000010000110110001100010010000
00111111011001011000100100000000
01000001001000100111100101100000
01000001101000100001111001000000
00111111110011100100101000000000
11000001100111001000100110101000
10111111111011100101000010000000
11000001011111010110110101100000
01000001101001001001101101000000
11000001000000010001111010100000
11000001111101010101000001100000
01000000010000011001111001000000
01000001000011110000010000010000
11000001001101010011111111000000
01000001111111101101001111110000
11000001110000100101110100111000
11000001100011010101100001101000
10111111111010011011100010000000
01000001000110111001010111110000
01000001001010001010000110100000
10111111110101111110010110000000
01000001010001111011110010110000
11000000010111000001110010000000
11000001000101100110001100110000
01000000011001110100100010000000
11000000101010000000111001000000
01000010001001110101001111110000
01000001101010011000000001011000
01000001100110010110111000001000
11000001101010111101111010010000
11000001010100110000101100010000
11000000100011100011011010100000
11000001001000011111101001010000
01000000111011110110100100100000
11000001001110100111110111100000
11000000010100110010011000000000
11000001110000000110111111011000
11000001001101100101010001110000
11000000011001011110100000000000
01000001001001111001000100000000
01000000110101010100101011000000
01000001101111011110000001000000
01000001111110111100100100001000
01000000110100001001101111100000
11000000110101001010011101000000
11000001100011011011111000010000
01000001000101101001001111100000
11000001100100111101011111100000
10111111010000111100011000000000
01000000111111110110010011100000
11000001101110000001001100111000
00000000000000000000000000000000
00000000000000000000000000000000
00000000000000000000000000000000
00000000000000000000000000000000
00000000000000000000000000000000
00000000000000000000000000000000
00000000000000000000000000000000
00000000000000000000000000000000
00000000000000000000000000000000
00000000000000000000000000000000
00000000000000000000000000000000
00000000000000000000000000000000
00000000000000000000000000000000
00000000000000000000000000000000
00000000000000000000000000000000
00000000000000000000000000000000
00000000000000000000000000000000
00000000000000000000000000000000
00000000000000000000000000000000
00000000000000000000000000000000
00000000000000000000000000000000
00000000000000000000000000000000
00000000000000000000000000000000
00000000000000000000000000000000
00000000000000000000000000000000
00000000000000000000000000000000
00000000000000000000000000000000
00000000000000000000000000000000
00000000000000000000000000000000
00000000000000000000000000000000
00000000000000000000000000000000
00000000000000000000000000000000
00000000000000000000000000000000
00000000000000000000000000000000
00000000000000000000000000000000
00000000000000000000000000000000
00000000000000000000000000000000
00000000000000000000000000000000
00000000000000000000000000000000
00000000000000000000000000000000
00000000000000000000000000000000
00000000000000000000000000000000
00000000000000000000000000000000
00000000000000000000000000000000
00000000000000000000000000000000
00000000000000000000000000000000
00000000000000000000000000000000
00000000000000000000000000000000
00000000000000000000000000000000
00000000000000000000000000000000
00000000000000000000000000000000
00000000000000000000000000000000
00000000000000000000000000000000
00000000000000000000000000000000
00000000000000000000000000000000
00000000000000000000000000000000
00000000000000000000000000000000
00000000000000000000000000000000
00000000000000000000000000000000
00000000000000000000000000000000
00000000000000000000000000000000
00000000000000000000000000000000
00000000000000000000000000000000
00000000000000000000000000000000
00000000000000000000000000000000
00000000000000000000000000000000
00000000000000000000000000000000
00000000000000000000000000000000
00000000000000000000000000000000
00000000000000000000000000000000
00000000000000000000000000000000
00000000000000000000000000000000
00000000000000000000000000000000
00000000000000000000000000000000
00000000000000000000000000000000
00000000000000000000000000000000
00000000000000000000000000000000
00000000000000000000000000000000
00000000000000000000000000000000
00000000000000000000000000000000
00000000000000000000000000000000
00000000000000000000000000000000
00000000000000000000000000000000
00000000000000000000000000000000
00000000000000000000000000000000
00000000000000000000000000000000
00000000000000000000000000000000
00000000000000000000000000000000
00000000000000000000000000000000
00000000000000000000000000000000
00000000000000000000000000000000
00000000000000000000000000000000
00000000000000000000000000000000
00000000000000000000000000000000
00000000000000000000000000000000
00000000000000000000000000000000
00000000000000000000000000000000
00000000000000000000000000000000
00000000000000000000000000000000
00000000000000000000000000000000
00000000000000000000000000000000
00000000000000000000000000000000
00000000000000000000000000000000
00000000000000000000000000000000
00000000000000000000000000000000
00000000000000000000000000000000
00000000000000000000000000000000
00000000000000000000000000000000
00000000000000000000000000000000
00000000000000000000000000000000
00000000000000000000000000000000
00000000000000000000000000000000
00000000000000000000000000000000
00000000000000000000000000000000
00000000000000000000000000000000
00000000000000000000000000000000
00000000000000000000000000000000
00000000000000000000000000000000
00000000000000000000000000000000
00000000000000000000000000000000
00000000000000000000000000000000
00000000000000000000000000000000
00000000000000000000000000000000
00000000000000000000000000000000
00000000000000000000000000000000
00000000000000000000000000000000
00000000000000000000000000000000
00000000000000000000000000000000
00000000000000000000000000000000
00000000000000000000000000000000
00000000000000000000000000000000
00000000000000000000000000000000
00000000000000000000000000000000
00000000000000000000000000000000
00000000000000000000000000000000
00000000000000000000000000000000
00000000000000000000000000000000
00000000000000000000000000000000
00000000000000000000000000000000
00000000000000000000000000000000
00000000000000000000000000000000
00000000000000000000000000000000
00000000000000000000000000000000
00000000000000000000000000000000
00000000000000000000000000000000
00000000000000000000000000000000
00000000000000000000000000000000
00000000000000000000000000000000
00000000000000000000000000000000
00000000000000000000000000000000
00000000000000000000000000000000
00000000000000000000000000000000
00000000000000000000000000000000
00000000000000000000000000000000
00000000000000000000000000000000
00000000000000000000000000000000
00000000000000000000000000000000
00000000000000000000000000000000
00000000000000000000000000000000
00000000000000000000000000000000
00000000000000000000000000000000
00000000000000000000000000000000
00000000000000000000000000000000
00000000000000000000000000000000
00000000000000000000000000000000
00000000000000000000000000000000
00000000000000000000000000000000
00000000000000000000000000000000
00000000000000000000000000000000
00000000000000000000000000000000
00000000000000000000000000000000
00000000000000000000000000000000
00000000000000000000000000000000
00000000000000000000000000000000
00000000000000000000000000000000
00000000000000000000000000000000
00000000000000000000000000000000
00000000000000000000000000000000
00000000000000000000000000000000
00000000000000000000000000000000
00000000000000000000000000000000
00000000000000000000000000000000
00000000000000000000000000000000
00000000000000000000000000000000
00000000000000000000000000000000
00000000000000000000000000000000
00000000000000000000000000000000
00000000000000000000000000000000
00000000000000000000000000000000
00000000000000000000000000000000
00000000000000000000000000000000
00000000000000000000000000000000
00000000000000000000000000000000
00000000000000000000000000000000
00000000000000000000000000000000
00000000000000000000000000000000
00000000000000000000000000000000
00000000000000000000000000000000
00000000000000000000000000000000
00000000000000000000000000000000
00000000000000000000000000000000
00000000000000000000000000000000
00000000000000000000000000000000
00000000000000000000000000000000
00000000000000000000000000000000
00000000000000000000000000000000
00000000000000000000000000000000
00000000000000000000000000000000
00000000000000000000000000000000
00000000000000000000000000000000
00000000000000000000000000000000
00000000000000000000000000000000
00000000000000000000000000000000
00000000000000000000000000000000
00000000000000000000000000000000
00000000000000000000000000000000
00000000000000000000000000000000
00000000000000000000000000000000
00000000000000000000000000000000
00000000000000000000000000000000
00000000000000000000000000000000
00000000000000000000000000000000
00000000000000000000000000000000
00000000000000000000000000000000
00000000000000000000000000000000
00000000000000000000000000000000
00000000000000000000000000000000
00000000000000000000000000000000
00000000000000000000000000000000
00000000000000000000000000000000
00000000000000000000000000000000
00000000000000000000000000000000
00000000000000000000000000000000
00000000000000000000000000000000
00000000000000000000000000000000
00000000000000000000000000000000
00000000000000000000000000000000
00000000000000000000000000000000
00000000000000000000000000000000
00000000000000000000000000000000
00000000000000000000000000000000
00000000000000000000000000000000
00000000000000000000000000000000
00000000000000000000000000000000
00000000000000000000000000000000
00000000000000000000000000000000
00000000000000000000000000000000
00000000000000000000000000000000
00000000000000000000000000000000
00000000000000000000000000000000
00000000000000000000000000000000
00000000000000000000000000000000
00000000000000000000000000000000
00000000000000000000000000000000
00000000000000000000000000000000
00000000000000000000000000000000
