0000000000000000000000000000000001000100000000000000000000001011
0100000101110011011010110110000001000001110100101111011010111000
0100000000011101110111000100000001000010000111000110110001100100
1100001000110000101110000011110011000001011101101100011010100000
0100000110011011000001111011100011000010001011100110110000011100
1100000000111000101011001000000001000001100010010001101001111000
1100000100110101001100011110000011000010000001101011100110000100
1100001000001010001011001010000001000010100010100011011100000000
1011111111111111100110010000000011000001100000101010111000100000
1100000111111110110001001011100011000010010000010001101101101100
0100000101011111001101000111000011000010100011111000000111110110
0100000101101001100111001101000001000000011010101110101100000000
1100000110001010100101011101000001000010001011010100100100100100
1100000001111111110011001000000001000010000111000110001110100000
1100001001000001000001010011110001000010011010000100111111010000
1100000100000111100110110000000011000010100010011101000011110110
1100000011011101011000001000000011000010100010001010000001010100
0100000110110000000000011000000011000001111011110111111110000000
0100001010000100111000101100000011000010001001111110000100101000
1100000010101000000111001110000011000001100101001111001011110000
1100001000110001101110011010110001000010001000111000110011100100
1100000110100101101011001111000011000010000010110011111000110000
1011111010100000110110100000000011000010011111000010101011001000
1100000111100010101011100111100011000001101100110010100111011000
0100001010000110011110000010000001000001111000101100001100011000
0100001000101101011110001100100001000010011111011000010011110100
1100000110000001010010010011100011000001110100100010000010101000
0100001000110111011100000000100011000001001110000011100010110000
1100000011011010000001001100000011000010010001110001011110110000
0100001010001000010010110110111011000001000000010010101111100000
0100001001110000011100101101100001000001111111100101010110110000
0100001010010110011000101100000001000010000111110111000001010000
0011111101010000110010000000000001000001011011101011001111010000
1100001001010110001111001011110011000001001100011001111100100000
0100000000100110111100000100000001000001101000101010011111111000
0100000011001011100110101000000011000001111011000010100010111000
0100000110011101011110101011000011000010011011001000011011010100
1011111110101111101101101000000001000001001101000000010100110000
0100001000000101000011100010010001000010010000001111001010011000
0100001001011100110011010011000011000001110010101110111110001000
1100001001100110111010110111000001000001111001100000011000000000
1100001000101011010011101100000001000001100111101110011000101000
0100001000111001011001001110110001000000110111100011010100000000
0100000011110110010111100000000011000001001010010000010100110000
1100000111101100011010011110000001000010000111100000110110001000
1100000110001110000000001100100001000010000111110010010011111000
1100001010100000001110111011000001000001011001011010111100100000
1100000111011000101011111001000001000010000101101110001010011100
1011111110001110011010000000000011000001001010011110001011110000
1011111101100011000110100000000001000000101101010111111010000000
0100000100010011000011100001000011000001010100000011111100100000
1011111101100101111110100000000011000001101110010110001101110000
1100001000111010011000110101010001000001101010101010000110011000
1100000011011100011110111000000001000001001001101101110100110000
1100000011010011000011111000000011000001001011000100111111000000
0100000101001001011110010001000011000010110001111001111100111000
0100000001101001110100001000000011000010001010110100011100010000
1100000111100010110001100000100011000001100010110100110100010000
0011111101011101000000010000000011000001111100111011001011010000
0100000101101011001100011000000011000010011011000110110110111100
0100000110011111000010100111000011000001101000010111001111110000
0100000110110111011101101110000011000001110101111000101100011000
0100001010000011101010001101101011000001101011001110011110101000
0100001001011011111101011110010011000001011101011100001010010000
0100000010010110001010110100000001000001100110001111010000001000
1100000111110101101110000000100001000010011011011001011010111100
1100000100110001111011001100000011000001100010010101101011111000
0100000100110111001010110101000001000001110011100010000100110000
0100000111000011110101010011000011000000100000011100001100100000
1100000101011111000001110000000001000001000100001110110111010000
1100001001110011001111100101110001000001111110011111100011011000
1100001000010110001001011001010001000010011101000010100101110100
1100001001000001001111000011110011000001100000011000010000101000
0100000100000111011100001000000011000001101101100110100011100000
1100000110011001011010110001100011000001001001010010000110100000
0100001001011110111011100011010011000001000101110010111011110000
0100000100101000101001011010000001000010000111000111010100111100
1100000101001100101110101101000001000010000111110000011110011000
1100000111011001111110010110100001000010011011111100111111110100
0011111110001100110110000000000011000001000111000000011111000000
0100000101011100011101000010000001000001100001110010000010101000
1100000111000011001001001001100001000010000101111100110111100100
0100001000111000011000010011000001000001101101001011001110000000
0100000110011001110010010001100001000001100110101110110001001000
1100001000101011101100110000010011000010001001001110010110011100
0100000000000111001010011000000001000001010100001111111001110000
1100000111101110111010010110000001000001001000111001010011010000
0100000110011010000011011111000001000000000001110001100000000000
0100000110111100010011010101100001000001011000101111010100000000
1100000111001011001000010100000001000010101111010001111100100110
1100000111110001001100110011100011000001010001110111011000100000
0100000110010001000111000111000001000010000000010011011110001000
0100000110000011110001001011100011000001001100100110111000000000
0100000011110001000110000100000011000001100110011111101010011000
0100000110100111001011110001100001000010001111000100111001111100
0100000000111001011110000100000001000000110110111100111011100000
1100000101011010111010100100000011000000001010101101001111000000
1100000101111110010101110111000001000001101101100111000100010000
0011111101110110110011000000000011000001100101010010100111001000
0100000110100100010111100011000011000001001001111001000100110000
0100000101111100100110110101000011000001000010011000111100100000
0100000110101001111001100010100001000001111010101100011010100000
0100000100111110011110001101000001000001011100100000101010110000
1100000110110111100100011101100011000001100010000101111011000000
1100000110001000110100111000100011000001100010111111001111100000
0100001001010000110000110010010001000001001110000011111100010000
1100000100001101011110101110000001000001110111110010111100111000
0100001010100000001001100101000011000001101111011100110011010000
0100001000010000011101110101100011000000100101001101101110000000
0011111011111101111111100000000001000001101011001100101111000000
1100000101111011100000000111000011000000101010010101100110000000
1100000111001111101101100111000001000000101100111011010000100000
1100000000100111001100001000000010111111100111011010010000000000
0100000100101101001011111010000001000001110001110011101101110000
0100000110001001000100100101100010111111010100010000111100000000
1100000111111111111111000110000011000001000010000000011001100000
0100000101001111110001000011000000111111111011001011010100000000
1100001001010111010001010100000011000010000100001101100000001100
1100000111001011001010101011100001000001011000001011010111110000
1100000110000000001011100111100011000001111011001000100011101000
1100000100101100110111001100000001000001101110111011001010101000
1100001000011010100101001110000011000001011101101101110010010000
0100000100010010001011000111000011000000100110011011101101100000
1100000100001010101110001101000011000001101000111101111011100000
1100000111000101100000010011100011000001110001001110000101001000
0100000111011111000011001111100011000000100010100001110100100000
0100000011001100111001000100000011000010010100101000000001110000
0100001000010111001110001001010011000001100110110111110101111000
0100001001011000111010101111000011000000100000111010010110100000
1100000011111001001111110010000011000010010000000101111110001100
0100000101110010110101101010000001000001101001110100001100001000
1100000100111101111011000101000001000000100010000111000001100000
0100001000000100001010010001100001000010100000100000001100100110
1100000111101000000000011100000011000001100100010000000001010000
0100000100011111000110000100000001000001101101010001101000110000
1100001001110100000010101000110001000010000111010110010010011000
0100001000100000101001010111110011000010010100001000111011000000
0100000100010100111000010010000001000000111101011110111100000000
0100001000111001010110100011000011000010001000111010000101110100
0100000111000100011101010101100011000001101110001001010100000000
0100000011100010001010110100000011000001101010000100100011111000
1100000110110111011100110111100011000001100100010101100110100000
1100000110001111110110100111000001000000110010100100010000000000
1100001000110011000010000011110011000001101101011011010100011000
0100000010000010010110110010000011000000100011110100110011000000
0100001000100100101101000101010001000001011100000010010010010000
1100000111010000101011111011000001000010000010010110001001110100
1100000101010010000000001100000001000000100111100010100000000000
0011111110101101000101110000000001000001000110010001011111010000
0011111110101100101100111000000001000001010010010001101011100000
1100000110010001111100101010000011000000100010111000100011000000
1100000100111011001100001000000011000000100110100011000001100000
0100001001101110100101000011010011000001111111100101001000101000
0100000001111111011110100100000011000010000011011101001111101000
1100001001010101100000010100110001000010000001001101001001110000
1100000010111001111110110010000011000001000111001101110110000000
0100000010010100101011001110000001000010000011000000000101110100
0100000111000110100001101011000011000001010011100110010111010000
1100000100111101111000110110000011000000101111110001110101000000
0100000101111101100000111001000001000001001000010110111100100000
1100000110111011001111111010100001000001100111001000000101010000
0100000110100101101001000011000011000001010101001101111110100000
0100000001000000101111011100000001000010001010110110011001000000
1100000110010111000101010111000011000001100110011001110001110000
0100000101011100100000101011000011000001000110111010101010110000
1100000111100101100111000001100001000001001010110010001100010000
0100000000001111110111110100000000111111101101001001110010000000
1100000111011110101000101110100011000001100001001110010101001000
1100000110101000000000111101000011000001100000011110011010010000
0100000010100001010100110110000001000010000011110101011001111000
0100000100111001010110000110000011000001011000010100010001100000
1100000110001000001110101101000011000001001111011111110010100000
0100000110101001011100111010100001000010000101111110110111010000
1100000111011111011011000110000001000000101011100001100000100000
0100000100000011110110010101000001000010000101010101010101101100
0100000011100011110111000110000001000001001001111000011000010000
0100000110001010001110110111000011000001000101000010111000000000
0100000010000001100001010000000001000001111101010011000100100000
0100000101011101111011010100000001000000000010010000110111000000
0100001000100011010101010111010010111110100100110101000000000000
0100000010100011001011010000000001000001010100110101110011100000
0100000101110001001101000000000001000001101010001100111111101000
1100000011011101010010010010000001000000111110010110100010100000
1100000100101010001101111000000011000001101011100011001010010000
1100000010011111010011100100000001000001000011001011010101110000
1100000111110001011111111001000011000001010101110001011011000000
1100000100110011001010000111000001000001100101111100100001100000
1100000011000111010101111010000011000001001110101000001001110000
1011111101110100111100000000000011000001000010101110111101000000
1100000110100010011011001101000011000001010011100011111100000000
0100000011111011001010010100000011000001000110011111000101110000
1100000111001001110001000000100000111111011001000111001100000000
0100000111100101000001110100000001000001100011000100001001110000
0100000110110101011001011101100001000001000011010001101000000000
0011111101101001000101000000000001000001101000011101010101110000
1100000010010001110110100010000011000000110000111101000000100000
0100000111101100000001100100100011000001101001011101011110000000
1100000011101101100101011000000001000001100110100111100111111000
0100000000101101000001100100000001000001110111101101000111001000
1100000010001101101100011010000011000000000100000001101010000000
1100000111000101011110110111000001000001000100100010001101110000
1100000110100101000010001100000011000001001000100000011010010000
1100000110111101010101110000100001000001101010110010110101000000
1100000111011000000101100000100001000000011001110011111110000000
1100000100101101100100011011000011000001000000011111101000100000
0100001000011011000110001001000011000001010011111111110011110000
0011111101100101100010010000000011000001001101000101011111100000
0100000100100010011110010110000001000010000111011100110000011100
0100000110100010000111100100000010111111001111100010001000000000
0011111111001110010010100000000011000000101101011100110001100000
1100000110011100100010011010100011000010000001011101001001001000
1011111111101110010100001000000011000000111111100010010010100000
1100000101111101011011010110000001000001011101101100011000100000
0100000110100100100110110100000001000001010110010111001111010000
1100000100000001000111101010000011000001100101011101010010001000
1100000111110101010100000110000011000001101111101001110110110000
0100000001000001100111100100000011000001110100011101010110001000
0100000100001111000001000001000011000001000000100100110100000000
1100000100110101001111111100000011000000110101011111001111100000
0100000111111110110100111111000000111111000101011111100100000000
1100000111000010010111010011100000111110010101001011100000000000
1100000110001101010110000110100011000000001101110100010010000000
1011111111101001101110001000000001000001011110010100010001000000
0100000100011011100101011111000001000000110001110110111100100000
0100000100101000101000011010000001000000100000101110011100100000
1011111111010111111001011000000010111111111001100101010000000000
0100000101000111101111001011000001000000110010101001110001100000
1100000001011100000111001000000001000001100000101111111100010000
1100000100010110011000110011000001000001001100010010000100010000
0100000001100111010010001000000011000000000101110100101100000000
1100000010101000000011100100000001000000110011000101010100000000
0100001000100111010100111111000011000001100111111000111000101000
0100000110101001100000000101100011000001000101100011101101010000
0100000110011001011011100000100001000000110011100110111000000000
1100000110101011110111101001000001000010000000101001000011000100
1100000101010011000010110001000001000001000101111100010010000000
1100000010001110001101101010000001000001100000000010111010110000
1100000100100001111110100101000001000000001110001000001000000000
0100000011101111011010010010000001000001100000011001010110000000
1100000100111010011111011110000001000001010001011011110001000000
1100000001010011001001100000000001000001000011110000001101110000
1100000111000000011011111101100001000000000111110101110101000000
1100000100110110010101000111000011000001010110001001001101010000
1100000001100101111010000000000011000000110010000001100011000000
0100000100100111100100010000000001000010010111100001011101111000
0100000011010101010010101100000011000000110110100001011011000000
0100000110111101111000000100000001000001100000100111101010101000
0100000111111011110010010000100001000001111101011111010100010000
0100000011010000100110111110000011000001011110110010001101010000
1100000011010100101001110100000000111101110101111100100000000000
1100000110001101101111100001000011000001000110111001001110100000
0100000100010110100100111110000001000001111000011000011110010000
1100000110010011110101111110000001000001000111101110101001000000
1011111101000011110001100000000001000001001100110010010100000000
0100000011111111011001001110000001000000100100100001101011000000
1100000110111000000100110011100011000001100110100101100110011000
0000000000000000000000000000000011000001101001111000110011100000
0000000000000000000000000000000000000000000000000000000000000000
0000000000000000000000000000000000000000000000000000000000000000
0000000000000000000000000000000000000000000000000000000000000000
0000000000000000000000000000000000000000000000000000000000000000
0000000000000000000000000000000000000000000000000000000000000000
0000000000000000000000000000000000000000000000000000000000000000
0000000000000000000000000000000000000000000000000000000000000000
0000000000000000000000000000000000000000000000000000000000000000
0000000000000000000000000000000000000000000000000000000000000000
0000000000000000000000000000000000000000000000000000000000000000
0000000000000000000000000000000000000000000000000000000000000000
0000000000000000000000000000000000000000000000000000000000000000
0000000000000000000000000000000000000000000000000000000000000000
0000000000000000000000000000000000000000000000000000000000000000
0000000000000000000000000000000000000000000000000000000000000000
0000000000000000000000000000000000000000000000000000000000000000
0000000000000000000000000000000000000000000000000000000000000000
0000000000000000000000000000000000000000000000000000000000000000
0000000000000000000000000000000000000000000000000000000000000000
0000000000000000000000000000000000000000000000000000000000000000
0000000000000000000000000000000000000000000000000000000000000000
0000000000000000000000000000000000000000000000000000000000000000
0000000000000000000000000000000000000000000000000000000000000000
0000000000000000000000000000000000000000000000000000000000000000
0000000000000000000000000000000000000000000000000000000000000000
0000000000000000000000000000000000000000000000000000000000000000
0000000000000000000000000000000000000000000000000000000000000000
0000000000000000000000000000000000000000000000000000000000000000
0000000000000000000000000000000000000000000000000000000000000000
0000000000000000000000000000000000000000000000000000000000000000
0000000000000000000000000000000000000000000000000000000000000000
0000000000000000000000000000000000000000000000000000000000000000
0000000000000000000000000000000000000000000000000000000000000000
0000000000000000000000000000000000000000000000000000000000000000
0000000000000000000000000000000000000000000000000000000000000000
0000000000000000000000000000000000000000000000000000000000000000
0000000000000000000000000000000000000000000000000000000000000000
0000000000000000000000000000000000000000000000000000000000000000
0000000000000000000000000000000000000000000000000000000000000000
0000000000000000000000000000000000000000000000000000000000000000
0000000000000000000000000000000000000000000000000000000000000000
0000000000000000000000000000000000000000000000000000000000000000
0000000000000000000000000000000000000000000000000000000000000000
0000000000000000000000000000000000000000000000000000000000000000
0000000000000000000000000000000000000000000000000000000000000000
0000000000000000000000000000000000000000000000000000000000000000
0000000000000000000000000000000000000000000000000000000000000000
0000000000000000000000000000000000000000000000000000000000000000
0000000000000000000000000000000000000000000000000000000000000000
0000000000000000000000000000000000000000000000000000000000000000
0000000000000000000000000000000000000000000000000000000000000000
0000000000000000000000000000000000000000000000000000000000000000
0000000000000000000000000000000000000000000000000000000000000000
0000000000000000000000000000000000000000000000000000000000000000
0000000000000000000000000000000000000000000000000000000000000000
0000000000000000000000000000000000000000000000000000000000000000
0000000000000000000000000000000000000000000000000000000000000000
0000000000000000000000000000000000000000000000000000000000000000
0000000000000000000000000000000000000000000000000000000000000000
0000000000000000000000000000000000000000000000000000000000000000
0000000000000000000000000000000000000000000000000000000000000000
0000000000000000000000000000000000000000000000000000000000000000
0000000000000000000000000000000000000000000000000000000000000000
0000000000000000000000000000000000000000000000000000000000000000
0000000000000000000000000000000000000000000000000000000000000000
0000000000000000000000000000000000000000000000000000000000000000
0000000000000000000000000000000000000000000000000000000000000000
0000000000000000000000000000000000000000000000000000000000000000
0000000000000000000000000000000000000000000000000000000000000000
0000000000000000000000000000000000000000000000000000000000000000
0000000000000000000000000000000000000000000000000000000000000000
0000000000000000000000000000000000000000000000000000000000000000
0000000000000000000000000000000000000000000000000000000000000000
0000000000000000000000000000000000000000000000000000000000000000
0000000000000000000000000000000000000000000000000000000000000000
0000000000000000000000000000000000000000000000000000000000000000
0000000000000000000000000000000000000000000000000000000000000000
0000000000000000000000000000000000000000000000000000000000000000
0000000000000000000000000000000000000000000000000000000000000000
0000000000000000000000000000000000000000000000000000000000000000
0000000000000000000000000000000000000000000000000000000000000000
0000000000000000000000000000000000000000000000000000000000000000
0000000000000000000000000000000000000000000000000000000000000000
0000000000000000000000000000000000000000000000000000000000000000
0000000000000000000000000000000000000000000000000000000000000000
0000000000000000000000000000000000000000000000000000000000000000
0000000000000000000000000000000000000000000000000000000000000000
0000000000000000000000000000000000000000000000000000000000000000
0000000000000000000000000000000000000000000000000000000000000000
0000000000000000000000000000000000000000000000000000000000000000
0000000000000000000000000000000000000000000000000000000000000000
0000000000000000000000000000000000000000000000000000000000000000
0000000000000000000000000000000000000000000000000000000000000000
0000000000000000000000000000000000000000000000000000000000000000
0000000000000000000000000000000000000000000000000000000000000000
0000000000000000000000000000000000000000000000000000000000000000
0000000000000000000000000000000000000000000000000000000000000000
0000000000000000000000000000000000000000000000000000000000000000
0000000000000000000000000000000000000000000000000000000000000000
0000000000000000000000000000000000000000000000000000000000000000
0000000000000000000000000000000000000000000000000000000000000000
0000000000000000000000000000000000000000000000000000000000000000
0000000000000000000000000000000000000000000000000000000000000000
0000000000000000000000000000000000000000000000000000000000000000
0000000000000000000000000000000000000000000000000000000000000000
0000000000000000000000000000000000000000000000000000000000000000
0000000000000000000000000000000000000000000000000000000000000000
0000000000000000000000000000000000000000000000000000000000000000
0000000000000000000000000000000000000000000000000000000000000000
0000000000000000000000000000000000000000000000000000000000000000
0000000000000000000000000000000000000000000000000000000000000000
0000000000000000000000000000000000000000000000000000000000000000
0000000000000000000000000000000000000000000000000000000000000000
0000000000000000000000000000000000000000000000000000000000000000
0000000000000000000000000000000000000000000000000000000000000000
0000000000000000000000000000000000000000000000000000000000000000
0000000000000000000000000000000000000000000000000000000000000000
0000000000000000000000000000000000000000000000000000000000000000
0000000000000000000000000000000000000000000000000000000000000000
0000000000000000000000000000000000000000000000000000000000000000
0000000000000000000000000000000000000000000000000000000000000000
0000000000000000000000000000000000000000000000000000000000000000
0000000000000000000000000000000000000000000000000000000000000000
0000000000000000000000000000000000000000000000000000000000000000
0000000000000000000000000000000000000000000000000000000000000000
0000000000000000000000000000000000000000000000000000000000000000
0000000000000000000000000000000000000000000000000000000000000000
0000000000000000000000000000000000000000000000000000000000000000
0000000000000000000000000000000000000000000000000000000000000000
0000000000000000000000000000000000000000000000000000000000000000
0000000000000000000000000000000000000000000000000000000000000000
0000000000000000000000000000000000000000000000000000000000000000
0000000000000000000000000000000000000000000000000000000000000000
0000000000000000000000000000000000000000000000000000000000000000
0000000000000000000000000000000000000000000000000000000000000000
0000000000000000000000000000000000000000000000000000000000000000
0000000000000000000000000000000000000000000000000000000000000000
0000000000000000000000000000000000000000000000000000000000000000
0000000000000000000000000000000000000000000000000000000000000000
0000000000000000000000000000000000000000000000000000000000000000
0000000000000000000000000000000000000000000000000000000000000000
0000000000000000000000000000000000000000000000000000000000000000
0000000000000000000000000000000000000000000000000000000000000000
0000000000000000000000000000000000000000000000000000000000000000
0000000000000000000000000000000000000000000000000000000000000000
0000000000000000000000000000000000000000000000000000000000000000
0000000000000000000000000000000000000000000000000000000000000000
0000000000000000000000000000000000000000000000000000000000000000
0000000000000000000000000000000000000000000000000000000000000000
0000000000000000000000000000000000000000000000000000000000000000
0000000000000000000000000000000000000000000000000000000000000000
0000000000000000000000000000000000000000000000000000000000000000
0000000000000000000000000000000000000000000000000000000000000000
0000000000000000000000000000000000000000000000000000000000000000
0000000000000000000000000000000000000000000000000000000000000000
0000000000000000000000000000000000000000000000000000000000000000
0000000000000000000000000000000000000000000000000000000000000000
0000000000000000000000000000000000000000000000000000000000000000
0000000000000000000000000000000000000000000000000000000000000000
0000000000000000000000000000000000000000000000000000000000000000
0000000000000000000000000000000000000000000000000000000000000000
0000000000000000000000000000000000000000000000000000000000000000
0000000000000000000000000000000000000000000000000000000000000000
0000000000000000000000000000000000000000000000000000000000000000
0000000000000000000000000000000000000000000000000000000000000000
0000000000000000000000000000000000000000000000000000000000000000
0000000000000000000000000000000000000000000000000000000000000000
0000000000000000000000000000000000000000000000000000000000000000
0000000000000000000000000000000000000000000000000000000000000000
0000000000000000000000000000000000000000000000000000000000000000
0000000000000000000000000000000000000000000000000000000000000000
0000000000000000000000000000000000000000000000000000000000000000
0000000000000000000000000000000000000000000000000000000000000000
0000000000000000000000000000000000000000000000000000000000000000
0000000000000000000000000000000000000000000000000000000000000000
0000000000000000000000000000000000000000000000000000000000000000
0000000000000000000000000000000000000000000000000000000000000000
0000000000000000000000000000000000000000000000000000000000000000
0000000000000000000000000000000000000000000000000000000000000000
0000000000000000000000000000000000000000000000000000000000000000
0000000000000000000000000000000000000000000000000000000000000000
0000000000000000000000000000000000000000000000000000000000000000
0000000000000000000000000000000000000000000000000000000000000000
0000000000000000000000000000000000000000000000000000000000000000
0000000000000000000000000000000000000000000000000000000000000000
0000000000000000000000000000000000000000000000000000000000000000
0000000000000000000000000000000000000000000000000000000000000000
0000000000000000000000000000000000000000000000000000000000000000
0000000000000000000000000000000000000000000000000000000000000000
0000000000000000000000000000000000000000000000000000000000000000
0000000000000000000000000000000000000000000000000000000000000000
0000000000000000000000000000000000000000000000000000000000000000
0000000000000000000000000000000000000000000000000000000000000000
0000000000000000000000000000000000000000000000000000000000000000
0000000000000000000000000000000000000000000000000000000000000000
0000000000000000000000000000000000000000000000000000000000000000
0000000000000000000000000000000000000000000000000000000000000000
0000000000000000000000000000000000000000000000000000000000000000
0000000000000000000000000000000000000000000000000000000000000000
0000000000000000000000000000000000000000000000000000000000000000
0000000000000000000000000000000000000000000000000000000000000000
0000000000000000000000000000000000000000000000000000000000000000
0000000000000000000000000000000000000000000000000000000000000000
0000000000000000000000000000000000000000000000000000000000000000
0000000000000000000000000000000000000000000000000000000000000000
0000000000000000000000000000000000000000000000000000000000000000
0000000000000000000000000000000000000000000000000000000000000000
0000000000000000000000000000000000000000000000000000000000000000
0000000000000000000000000000000000000000000000000000000000000000
0000000000000000000000000000000000000000000000000000000000000000
0000000000000000000000000000000000000000000000000000000000000000
0000000000000000000000000000000000000000000000000000000000000000
0000000000000000000000000000000000000000000000000000000000000000
0000000000000000000000000000000000000000000000000000000000000000
0000000000000000000000000000000000000000000000000000000000000000
0000000000000000000000000000000000000000000000000000000000000000
0000000000000000000000000000000000000000000000000000000000000000
0000000000000000000000000000000000000000000000000000000000000000
0000000000000000000000000000000000000000000000000000000000000000
0000000000000000000000000000000000000000000000000000000000000000
0000000000000000000000000000000000000000000000000000000000000000
0000000000000000000000000000000000000000000000000000000000000000
0000000000000000000000000000000000000000000000000000000000000000
0000000000000000000000000000000000000000000000000000000000000000
0000000000000000000000000000000000000000000000000000000000000000
0000000000000000000000000000000000000000000000000000000000000000
0000000000000000000000000000000000000000000000000000000000000000
0000000000000000000000000000000000000000000000000000000000000000
0000000000000000000000000000000000000000000000000000000000000000
0000000000000000000000000000000000000000000000000000000000000000
0000000000000000000000000000000000000000000000000000000000000000
0000000000000000000000000000000000000000000000000000000000000000
0000000000000000000000000000000000000000000000000000000000000000
0000000000000000000000000000000000000000000000000000000000000000
0000000000000000000000000000000000000000000000000000000000000000
0000000000000000000000000000000000000000000000000000000000000000
0000000000000000000000000000000000000000000000000000000000000000
0000000000000000000000000000000000000000000000000000000000000000
0000000000000000000000000000000000000000000000000000000000000000
0000000000000000000000000000000000000000000000000000000000000000
0000000000000000000000000000000000000000000000000000000000000000
0000000000000000000000000000000000000000000000000000000000000000
0000000000000000000000000000000000000000000000000000000000000000
0000000000000000000000000000000000000000000000000000000000000000
0000000000000000000000000000000000000000000000000000000000000000
0000000000000000000000000000000000000000000000000000000000000000
0000000000000000000000000000000000000000000000000000000000000000
0000000000000000000000000000000000000000000000000000000000000000
0000000000000000000000000000000000000000000000000000000000000000
0000000000000000000000000000000000000000000000000000000000000000
0000000000000000000000000000000000000000000000000000000000000000
0000000000000000000000000000000000000000000000000000000000000000
0000000000000000000000000000000000000000000000000000000000000000
0000000000000000000000000000000000000000000000000000000000000000
0000000000000000000000000000000000000000000000000000000000000000
