0000000000000000000000000000000001000100000000000000000000001011
0011111110001001100010011000000011000100000111111011110101011000
1100000101110011011010111000100011000001110100101111011011011100
0100000110101010100011110000110001000011010111011010101110110110
0100000000011101110111000010000001000010000111000110110001100010
1100001000001111111101001100111011000011001101101000011011001110
0100001000110000101110000011100001000001011101101100011001101000
1100000111101011000100000001100001000010111110000111111111101100
0100000110011011000001111100000011000010001011100110110000011100
1100000110000111010101110100100011000010001100100111100100001000
0100000000111000101011000110000011000001100010010001101010010100
0100000110000100010101010001000001000010101000111000010011000010
1100000100110101001100011110000011000010000001101011100110000010
1100000110010101100100110011010010111111000010011110110000000000
0100001000001010001011001001110011000010100010100011011100000101
1100000110001001101100101001000001000010110110011110111111000101
1011111111111111100110010000000011000001100000101010111000011100
1100000100000101000110110000000011000010101001000101100100110101
0100000111111110110001001010110001000010010000010001101101100010
1100001000001000011111100101010001000010001111011010110001101110
0100000101011111001101000111000011000010100011111000000111110110
0100000010100011110110100000000001000010000001000000101011001110
1100000101101001100111001110100011000000011010101110101110000000
0100000110100001110110000000010011000001100011011110011110011100
1100000110001010100101011100100001000010001011010100100100100100
0100000000000101110111001110000011000001110000111100010111000100
0100000001111111110011000100000011000010000111000110001110101010
0100000110011101011100000011010001000010001010000100111100000100
1100001001000001000001010011110001000010011010000100111111001110
0100001000010010000011010001000011000011000001010010111000110000
0100000100000111100110101111000001000010100010011101000011110010
1100000111010110101101101000000001000010010001001000101001011100
1100000011011101011000000110000011000010100010001010000001010100
0100001000100110100101010000111010111111001101100101101000000000
1100000110110000000000011000100001000001111011110111111101101100
1100001000001001010101010001001001000001010010110110110111101000
0100001010000100111000101100000111000010001001111110000100100110
1100001001000011011111100110110001000001011110001000101110101000
0100000010101000000111001100000001000001100101001111001011011100
0100001000000011001000000100010011000001111010011111110001111000
1100001000110001101110011010110001000010001000111000110011100110
0100000110011111001001011000010011000010011000000010001111111000
0100000110100101101011001111000001000010000010110011111000100110
1100000111110110101011111100110001000001110010011000111101011000
1011111010100000110110100000000011000010011111000010101011000110
0100000101111111111111000011000001000010000100001110101001000010
0100000111100010101011100111100001000001101100110010100111001100
1100001010100101101000101100000111000010010011011010001000001100
0100001010000110011110000010000101000001111000101100001100011100
0100000010000100101001110001000001000001101110010000000110001000
1100001000101101011110001100111011000010011111011000010011111100
0100000111010010101000011101110001000010011111100100001011101110
1100000110000001010010010011110011000001110100100010000010100100
0100001000100000010100110110100011000001001101100010011010001000
1100001000110111011100000000101001000001001110000011100010100000
0100000101011100001100010101100001000001101101010000111010000100
1100000011011010000001001010000011000010010001110001011110101110
0100001001001110000010101001001001000010000100011101010101101100
1100001010001000010010110110111101000001000000010010101111010000
0100000000100010111010010110000011000010001001110111110101110100
0100001001110000011100101101101001000001111111100101010110110100
1100000110010010001101010110110001000001001100101000100110010000
1100001010010110011000101100000111000010000111110111000001010100
0100001010101010110101110110000001000001101110110000101111010100
0011111101010000110010001000000001000001011011101011001111010000
1100001010001000001010110100101011000001111001001101001001001000
0100001001010110001111001011110001000001001100011001111100000000
1100000101010111001000011010000010111111001000101100101010000000
0100000000100110111100000010000001000001101000101010100000000000
1100000000100011001010110110000011000010001011000010010110010110
1100000011001011100110101001000001000001111011000010100010110000
0011111111000110100011100000000001000001100100111011111000001000
0100000110011101011110101011010011000010011011001000011011010100
1100000110101000001001000000010001000010010111100100010111011010
0011111110101111101101011100000011000001001101000000010100111000
1100000011000001000000001010000011000010000010111011110010110010
0100001000000101000011100010011001000010010000001111001010011100
1100000110001010100110111100110011000010000010000110010010011010
1100001001011100110011010011010001000001110010101110111101110100
0100001011000111100010011111000111000010000000001011110110111000
1100001001100110111010110111000001000001111001100000011000000100
1100000101101101100111101101000010111111111011111001000100000000
0100001000101011010011101011111011000001100111101110011000110000
1100001000011101010000001101101001000001001101100111100111100000
0100001000111001011001001110110001000000110111100011010100010000
1100001000100101111010001001010011000001000100000000011110100000
1100000011110110010111100001000001000001001010010000010100011000
0100001001010011110100101010110011000001111101110001011000000000
1100000111101100011010011110000001000010000111100000110110001000
1100000111000111010100000011110011000000010101001000010110100000
0100000110001110000000001100100011000010000111110010010100000000
0100001001000110010011011111011001000001111001101011000000110100
1100001010100000001110111011000001000001011001011010111100101000
0100000111111100011110110100010011000001010001010000011100011000
0100000111011000101011111001000011000010000101101110001010100000
1100000111101010110101001100010001000010010110101100101010001010
1011111110001110011001111000000011000001001010011110001011101000
0100000100110011011100000101000011000001101011010100001001001100
0011111101100011000110010000000011000000101101010111111010100000
1100000100000111101010010011000001000010000100010010001011000000
0100000100010011000011100010100011000001010100000011111100011000
1100000100101101100110111100100011000001110010111011111011000000
0011111101100101111110011000000001000001101110010110001101100100
0100000111011101110001110010110011000000110101100111100010000000
1100001000111010011000110101010001000001101010101010000110011000
0100000111100000011110101100100011000010000000000010000010000100
0100000011011100011110111000000011000001001001101101110101001000
1100000101110000010010110011000001000010010101101100010111010000
1100000011010011000011110111000011000001001011000100111111000000
0100000110101101000110001111010011000010101001000111101110001101
1100000101001001011110010001000001000010110001111001111100110110
1011111100011111000000111000000011000001100111011001111011110100
0100000001101001110100001010000011000010001010110100011100001110
1100000100101011101010101100000001000001100110011111010000100100
0100000111100010110001100000010001000001100010110100110100001000
1100000111110101000100110001010001000000011111000011011111100000
0011111101011101000000010000000011000001111100111011001011001100
0100000111011111001101011000000011000000111000101100110100010000
1100000101101011001100011001000001000010011011000110110110110110
1100000110100011000001001001010011000010000111101000011001101000
0100000110011111000010100111000011000001101000010111001111101100
0100000110000110110110101101110001000001101101101100110110111100
1100000110110111011101101110100001000001110101111000101100001100
1100000111100011001001011010010011000010000000110010110101110110
0100001010000011101010001101101111000001101011001110011110100100
1100000110101110110000110000000001000010001001001010010011001000
1100001001011011111101011110011001000001011101011100001001111000
0100001001111010100000010100111011000010011011111100000001001010
0100000010010110001010110110000001000001100110001111010000001100
1100001001010010111001001010101001000010010001110101100010110100
0100000111110101101110000000000011000010011011011001011011000000
0100000100000110011001000011100001000001110011010101001010011100
1100000100110001111011001100000011000001100010010101101011111000
0011111110100001111010101000000001000010000001001000100011100100
1100000100110111001010110110000011000001110011100010000100111100
0100000101000111010001100011000000111111101010011110000010000000
0100000111000011110101010011010011000000100000011100001100010000
1100001001010001101100100101110001000001101110101111000000101100
0100000101011111000001101110100011000001000100001110110111100000
0100001001010110011110011011000011000001111100101000001110111100
1100001001110011001111100101101001000001111110011111100011011100
0011111110010000110111101000000001000001100110110001101001000000
0100001000010110001001011000111011000010011101000010100101110110
1100000001110101101111010000000001000010010011111000011011011010
1100001001000001001111000011100011000001100000011000010000100100
0100001001000001111101110110101011000001001011110110000011001000
1100000100000111011100001000100001000001101101100110100011010100
1100000100001001111101111001100011000001100000000001011111110000
1100000110011001011010110001010011000001001001010010000110011000
0100001001010111101001011010001001000001101111001101110010101000
1100001001011110111011100011010001000001000101110010111011100000
0100000111000111001111101011110011000010010101010011110000101010
0100000100101000101001011010100001000010000111000111010100111100
1100000111001001100000001010010001000001101010111001100010001000
0100000101001100101110101100000011000010000111110000011110011110
0100000101000101101101101011100011000001010011101111001000100000
1100000111011001111110010110110001000010011011111100111111110100
0100000110100010001110101011000011000010001100001000111101100010
1011111110001100110110000100000001000001000111000000011110100000
1100000101000011111110111110100011000001000111111101010100111000
0100000101011100011101000010100001000001100001110010000010110000
1100000101011110001001001011000001000001001000111100100100001000
0100000111000011001001001001000011000010000101111100110111100110
1100001000100110011111000111111001000001100011000011111010101100
0100001000111000011000010011000001000001101101001011001110000000
1100000110110011101010001000010011000001101001100110110110001100
1100000110011001110010010010000011000001100110101110110001010100
0100001000111111100100001110010001000010001101101101100010011010
1100001000101011101100110000001011000010001001001110010110011000
0100000110001001111100110000000001000001110111001110101001000000
1100000000000111001010011010000011000001010100001111111010010000
0100000100111000001111110100000011000000100101100111000000110000
1100000111101110111010010110000001000001001000111001010011100000
0100001000001001000101110101011000111111111001001100011000000000
1100000110011010000011011111010011000000000001110001100001100000
1100000010000000010001011100000011000001100101110000000110011000
0100000110111100010011010101110001000001011000101111010100000000
1100001000000010100011111100000001000010001011100110011110010110
0100000111001011001000010011100011000010101111010001111100100111
0011111000000010010111000000000001000010100100001001000111011100
1100000111110001001100110011010011000001010001110111011000100000
0100001000011101010010000100110010111111100101011101000110000000
1100000110010001000111000111010011000010000000010011011110001100
1100000100100111111111111111100001000010001010111100000010010100
0100000110000011110001001011110011000001001100100110111000001000
1011111101011101011011000000000011000001011110111111110010110000
1100000011110001000110000101000001000001100110011111101010001100
1100000010110000010011000111000011000001111010111011110010011100
0100000110100111001011110001110001000010001111000100111001111110
1100000110000011100000001011000011000010000001111000011100001110
1100000000111001011110000100000011000000110110111100111011110000
0100000110000010011101001011100001000001101101110101110010111000
1100000101011010111010100011100011000000001010101101001110100000
1011111100000011011110111000000011000000100011000001100111010000
0100000101111110010101110110000011000001101101100111000100011100
1100000110010100111010001100110001000010001000010101110100111010
0011111101110110110011000000000011000001100101010010100111001000
0100000110101010110110100001000011000001000110011000000110001000
1100000110100100010111100011010001000001001001111001000100100000
1100000001001101010100101100000001000000000011100010100100100000
0100000101111100100110110101100011000001000010011000111100010000
0011111110100011011100000000000001000001100010101011000011101100
1100000110101001111001100011000011000001111010101100011010101100
0100000101010111000011010111100001000001100110110100100010001000
0100000100111110011110001110000001000001011100100000101010110000
1100000111010000011011101111100011000010000010111000111011100110
0100000110110111100100011101000001000001100010000101111010111100
1100000100010111110101001111100001000001001000111101011000111000
1100000110001000110100111000100011000001100010111111001111011000
0100001001000001101100101011111001000001010110110100101111110000
1100001001010000110000110010011011000001001110000011111100101000
0100000110110010000110000100110010111111101110001011000000000000
1100000100001101011110101101100001000001110111110010111101000000
0100001000110111010111000111111011000010001000001111111011111010
1100001010100000001001100101000101000001101111011100110011000100
0100001000100111110011001110010011000000000010000000100000100000
0100001000010000011101110101101011000000100101001101101101110000
1100001001011101100011001100111001000001000110010001000001001000
1011111011111101111111110000000011000001101011001100101111001000
0100001000101001110111110000010001000001101100101111101101000100
1100000101111011100000000111000011000000101010010101100101100000
1100000111011001101110011011000011000000100010010000001100010000
0100000111001111101101100111010011000000101100111011010001010000
1011111111010001100101000000000001000001001100001110000101101000
1100000000100111001100001000000010111111100111011010001110000000
1011111110101000111111101000000001000000001100011111000000100000
1100000100101101001011111011100011000001110001110011101101111100
0100000101100011111010011110000001000001111101010110000011100100
0100000110001001000100100101100010111111010100010000111010000000
1100001000111101000100001011101011000001101111100101011011101000
0100000111111111111111000101110001000001000010000000011001001000
1011111110000101000001100000000001000001010110001001000111110000
0100000101001111110001000011000000111111111011001011010101000000
1100001001010100101111000101110011000010000001111011001011010000
0100001001010111010001010100000001000010000100001101100000000110
1100000011000011010010010011000011000001100000011100100111001000
1100000111001011001010101011000001000001011000001011010111110000
0100000011101101110100010111000011000001111001100001101101011000
0100000110000000001011100111010001000001111011001000100011100000
1100000010101110000101100011000011000001100110100100111101100100
1100000100101100110111001011100001000001101110111011001010101000
1100000011100000010101010011000011000001111111110011101001111100
0100001000011010100101001101111001000001011101101101110001111000
1100001000010111111111110101101001000001001001111100101000100000
0100000100010010001011001000000011000000100110011011101101010000
0100000001110000101001111000000011000001101100101011001100111100
0100000100001010101110001100100001000001101000111101111011011000
1100000011110011011000101111000001000001010010010101110101100000
1100000111000101100000010011010011000001110001001110000101000100
0100001001000010110110101000001000111111111110110000100110000000
1100000111011111000011001111110001000000100010100001110100000000
1100000100001101101110111101100001000001111011001110000000011000
0100000011001100111001000100000011000010010100101000000001110000
0100000111110000000111001010100001000001101110001010010001101100
1100001000010111001110001001011001000001100110110111110101110000
1100000100000010111010111100000011000001100110101111011001101100
0100001001011000111010101111001011000000100000111010010110100000
1100001000111001101111011011111011000000110011111010010111110000
0100000011111001001111110000000001000010010000000101111110001000
0100000010000101001011100000000011000010011100000111000010101100
0100000101110010110101101010100001000001101001110100001100010000
1100000111000001010000010110110001000001100010110011011111100100
0100000100111101111011000100000011000000100010000111000010000000
1100000100101110100000111110000011000010001001110110101010101110
0100001000000100001010010001100001000010100000100000001100101000
1100001000111000011101001000001011000010001110000001000010110110
0100000111101000000000011011010001000001100100010000000001000100
1100000011001100100111111010000011000001011001100100011001010000
0100000100011111000110000100000001000001101101010001101000111000
1100001000010010010100110111000011000000101111111001001100010000
0100001001110100000010101000100011000010000111010110010010011110
1100001001111111111111111001110001000010100010111101011001101001
0100001000100000101001010111111011000010010100001000111011000000
1100000010000010100010010111000001000001010110111011000101000000
1100000100010100111000010010100011000000111101011110111100100000
1100000110001010101111101111110001000010000010001110001010000110
0100001000111001010110100011001011000010001000111010000101110010
1100000111010110111011011010110001000000110100011000111110010000
1100000111000100011101010101110001000001101110001001010011110100
0100001000010110010000001000101011000001000000011101100100010000
0100000011100010001010110101000011000001101010000100100011111000
1100001000110001000110000110110001000001011000010100010101010000
0100000110110111011100110111000001000001100100010101100110010100
0100000110010111011001011111000011000001110100100011010011101000
1100000110001111110110100111000001000000110010100100010000010000
1100000110101000000011110011000010111111110001110110010110000000
0100001000110011000010000011110001000001101101011011010100001100
1100000111111110111101111001110011000001110111001101001101010000
0100000010000010010110110011000011000000100011110100110010110000
0100000110101000011001010001100001000010000000001000010100101000
1100001000100100101101000101011011000001011100000010010010101000
0100001000111000011010111110101011000001101111011000010001011100
1100000111010000101011111010110001000010000010010110001001110100
1100000000011101000011001000000011000001010010000010001011101000
0100000101010010000000001011000011000000100111100010100000100000
1100000011000101000111011110000010111110111011101110100000000000
0011111110101101000101110000000001000001000110010001011111011000
1100000000111010110010000110000011000000001011111101111000100000
1011111110101100101101000000000011000001010010010001101011101000
0100000101001011110101100011100001000001100001100010100011101000
1100000110010001111100101010000011000000100010111000100011000000
0100000100011011001100111001000011000001000110001010101100001000
0100000100111011001100000111100001000000100110100011000001000000
1100001000100001101000000000101001000001100100111110011110000000
0100001001101110100101000011001011000001111111100101001000100100
1100001000110011111010011010000001000001000010010011110110000000
1100000001111111011110101000000001000010000011011101001111100110
0100001001000100101011001000000011000010010110101011011000110010
1100001001010101100000010100111001000010000001001101001001110100
0100000110111010000011111000000011000000110101001010000010100000
0100000010111001111110110000000001000001000111001101110101110000
1100000101011010101000100100000011000001111011111100100000100000
0100000010010100101011001111000001000010000011000000000101110100
0100000100110110111001001110100011000001101101101110001110001000
1100000111000110100001101011100001000001010011100110010110111000
0100000111000011011011111101000011000000110111100100111110000000
1100000100111101111000110101100011000000101111110001110100110000
0100000010111011000001101110000001000001100011101001101110000100
1100000101111101100000111001100011000001001000010110111100101000
0100000111010010010010001101000011000001001011001000110000101000
1100000110111011001111111010010001000001100111001000000101010100
0100000110001111101101001000100011000001010011110101100100111000
1100000110100101101001000011010001000001010101001101111110001000
0100000110001110001000000001000011000001111010111110110010001100
0100000001000000101111011110000001000010001010110110011001000010
1100000110110100011011110000000011000010000101010001100101001000
0100000110010111000101010110100001000001100110011001110001100100
1100000011011000011110101010000010111111111100111000011111000000
0100000101011100100000101011000011000001000110111010101010101000
1100000111111010100110010010100001000001011000110100001001001000
0100000111100101100111000001010011000001001010110010001100101000
1100000011111100110101100000000001000000011111110011010101000000
0100000000001111110111110100000000111111101101001001110010000000
1100000110011101001001010000000011000001000010110101101111110000
0100000111011110101000101110010001000001100001001110010100111100
1100000011001101110000111110000011000001001000100111110111001000
1100000110101000000000111100110011000001100000011110011010001000
0100000110111100010001000111100001000010000111001110110110110010
1100000010100001010100110111000011000010000011110101011001111110
1100000100011000011110111111000001000001100110010011010001101100
0100000100111001010110000110000011000001011000010100010001011000
1100000100111111101100001111100001000001001110110000110100010000
0100000110001000001110101100110001000001001111011111110010001000
1100000110101000101001100100100011000010001001100001110101110000
0100000110101001011100111010110001000010000101111110110111010000
1100000110111000010110000001110011000000101111101101100011100000
0100000111011111011011000101110011000000101011100001100000110000
1100000111001001111001110010000011000001100110110010010000000100
0100000100000011110110010101100001000010000101010101010101101100
0100000100010100011111010111100011000001100011111110011010000000
1100000011100011110111001000000011000001001001111000011000011000
1100000100101000110011101010000001000001011011000111000010011000
0100000110001010001110110110110011000001000101000010110111111000
1100000010001010110100110101000001000001100110010010001100100100
1100000010000001100001010001000011000001111101010011000100101100
1100000011110010010111001010000001000001100110100111110010001000
0100000101011101111011010100000001000000000010010000110111000000
0100000100101101001100001010100011000000110101000100101000000000
1100001000100011010101010111011000111110100100110100111000000000
0100000111111110101100011001010011000000101001010010001001100000
0100000010100011001011010010000001000001010100110101110011110000
1100000101101010000110100010000010111111100010110101100000000000
1100000101110001001101000001000011000001101010001100111111110000
0100001000000001010101110011101001000001100111010110001101110000
1100000011011101010010010010000001000000111110010110100011000000
1100000110101001101011011011010011000001110111001011100101111000
0100000100101010001101110111000001000001101011100011001010001000
0100000101010101110001111000100011000001000100110011111100001000
1100000010011111010011100100000001000001000011001011010101111000
1100000111000111011100100100010011000001010111010101001000100000
0100000111110001011111111000110001000001010101110001011010111000
1100000010110000011111001000000011000001010100001001100010111000
1100000100110011001010000111100001000001100101111100100001100100
0100000001010110001110101110000011000001101100000010110011111000
0100000011000111010101111000000001000001001110101000001001100000
1100000000000110010110110100000001000000100011010001000100100000
1011111101110100111011111000000011000001000010101110111100110000
1100000100010101111011010111100011000000000101110111001110100000
0100000110100010011011001100100001000001010011100011111011110000
1100000110001001111111110110110011000000111001101000101000000000
0100000011111011001010010100000011000001000110011111000101110000
1100000100011010111001010111100001000001011111101010011100100000
0100000111001001110001000000010010111111011001000111001110000000
1100001000010110100000010100000011000001100100101000011000111000
0100000111100101000001110100010001000001100011000100001001110000
1011111001000110000000000000000000111110110001010100000000000000
1100000110110101011001011101110011000001000011010001101000011000
0100000110010110111011111011010011000000100001011011111000100000
0011111101101001000101000000000001000001101000011101010101110000
1100000100010101110010011001000011000001100111010101100011111100
0100000010010001110110100001000001000000110000111101000000000000
1100000100100100100100000110100001000001000000100100100011110000
0100000111101100000001100100110011000001101001011101011110000000
1100001000000001010100110100010001000001111001001110010011000100
0100000011101101100101010111000011000001100110100111100111111100
0100000100110010110000100100100011000000111101111110100110110000
0100000000101101000001100100000001000001110111101101000111001100
1100000110100011111000001100000011000001101010001001000111001100
0100000010001101101100011000000001000000000100000001101001000000
0100000111010100010000110001000000111111110000101010000100000000
1100000111000101011110110111000001000001000100100010001101110000
1100000011110111110100101001000011000001010111011111111010011000
0100000110100101000010001011100001000001001000100000011010000000
0100000001110010001000011000000011000001010011100110001100001000
1100000110111101010101110000100001000001101010110010110101000100
0100000010011001111010100100000011000001100001011110001010000100
0100000111011000000101100000000011000000011001110011111111100000
1100000111001100111000010001000001000001100001100001100011101000
1100000100101101100100011010100011000001000000011111101000101000
0100001000100111011011101011101011000001000001011010011100101000
1100001000011011000110001001010001000001010011111111110011011000
0100000101100100011111011010000011000000011111100000001010000000
0011111101100101100010011000000011000001001101000101011111010000
0100000001110001010100100100000001000001111001001001110000101000
1100000100100010011110010110100011000010000111011100110000100010
1011111101001000111110010000000001000001111010111010010111000000
0100000110100010000111100011110010111111001111100010001000000000
1100000110101100001101011100110011000001100100110101011101000100
1011111111001110010010100000000001000000101101011100110001000000
0100000110110111011001111010100001000001101110011100010101011100
1100000110011100100010011010010011000010000001011101001001001000
0100000000111001111110101110000001000001011110110001000100001000
0011111111101110010100000100000001000000111111100010010001110000
0100000011111000011011010000000011000001100100000100100001011100
1100000101111101011011010110000001000001011101101100011000100000
0100000110001100110000101110010011000000100110001010100000010000
1100000110100100100110110100010011000001010110010111001111100000
0100000110101101000001100011100001000001111000010101110011001000
1100000100000001000111101001100011000001100101011101010010001000
1100000110000101100100010010010011000001001010001101000110000000
0100000111110101010100000101100001000001101111101001110110101000
1100000110101111000010000001100010111111101011001010101111000000
0100000001000001100111100110000011000001110100011101010110001000
0100000100000001011100111011000001000001100111110110111100000000
1100000100001111000001000001100001000001000000100100110011110000
0100000011111100111010010000000011000001011001101010000011110000
1100000100110101001111111100000011000000110101011111001111010000
0100000110100011100010001100010001000001100010000011011111010100
1100000111111110110100111111010010111111000101011111100110000000
0100001000010000101110110101110011000001010000010110010110001000
1100000111000010010111010011100000111110010101001011101000000000
0011111010010101101110010000000001000001001100010000101011001000
0100000110001101010110000110000001000000001101110100010001100000
1100000101110100011101000001100011000001101011000111111101010000
1011111111101001101110001000000001000001011110010100010000111000
0100000101100010001100001111100001000000010110110111001000100000
1100000100011011100101100000000011000000110001110110111100110000
1100000001110101001101111110000011000000011110001011000111000000
0100000100101000101000011010000001000000100000101110011101000000
1100000011000101110000011101000001000000001111110110001000100000
0011111111010111111001010000000000111111111001100101001110000000
1100000010111000101101011011000011000001010001111000100101100000
0100000101000111101111001011000001000000110010101001110001110000
1100000100111001001111011011000001000001010001011100011111011000
0100000001011100000111000110000011000001100000101111111100010100
0100000010010011010110100111000000111111011000001000101110000000
1100000100010110011000110011100001000001001100010010000100010000
0100000100011111001000111011000011000001000000001000100010100000
1100000001100111010010001010000001000000000101110100101010100000
1100000001100000110010111110000011000000010000011000001001100000
1100000010101000000011100100000001000000110011000101010100000000
0100000111110100011110101111110011000001010000110101011111111000
1100001000100111010100111111001001000001100111111000111000011100
0100000101111000010000001001100011000001011100001101000001101000
0100000110101001100000000101100011000001000101100011101101001000
1100000110011101001011010000010001000001110100010010110110011000
1100000110011001011011100000110011000000110011100110111000010000
0100001000101001101101010000100011000001111001010001101100101100
1100000110101011110111101000100001000010000000101001000011000100
1100000100100011001111000110100011000000101000110010011111110000
0100000101010011000010110000100011000001000101111100010010001000
0100000000010000110010000100000011000000100111101111000101100000
1100000010001110001101101001000001000001100000000010111010110100
1100000011011001111101110111000011000000101001001100100101110000
0100000100100001111110100100000011000000001110001000001001000000
1100000010011101101011010111000011000001000010001010011011101000
0100000011101111011010010010000001000001100000011001010110000000
1100000101111001000101011110000011000000000001011001001101100000
0100000100111010011111011100100011000001010001011011110001010000
0100000000000111010010010010000001000000101001100001111111010000
1100000001010011001001100000000001000001000011110000001101110000
1100000101010101011011101010000011000001000000001000110110111000
0100000111000000011011111101000011000000000111110101110110000000
1100000100101101000010110110100001000001000100011101100100010000
1100000100110110010101000111000011000001010110001001001101001000
0100000101101101001001110010000001000001010110100011010000110000
0100000001100101111001111110000001000000110010000001100010100000
1100000110010100100010001011100011000010001001010011001111001110
0100000100100111100100010000000001000010010111100001011101111000
0100000011110000001011010101000011000010000000111010100000001100
1100000011010101010010101101000001000000110110100001011010110000
1100000101101011010001011001100011000001000000001101111100001000
0100000110111101111000000100000001000001100000100111101010101000
0011111100110011110011000000000000111111100000111011001000000000
1100000111111011110010010000110011000001111101011111010100010100
0100000111011010110010001000100001000010000100000001000100111100
0100000011010000100110111111000011000001011110110010001101010000
1100000111000100010110100000000010111110010101001100111000000000
0100000011010100101001110011000010111101110101111100100000000000
0100000110001001100000011100000001000000100100000111110101010000
1100000110001101101111100001000011000001000110111001001110101000
0100000011100011000101001100000001000001101010101111010011010100
1100000100010110100100111110100011000001111000011000011110010100
0100000110011101110101000101110001000001010101101100101110101000
1100000110010011110101111110000001000001000111101110101001001000
0100000011010001010110010100000011000001001010100011101010011000
0011111101000011110001001000000011000001001100110010010100010000
1100000000000010000111100010000001000001100110100110111010101000
0100000011111111011001001111000001000000100100100001101011100000
1100000110010110001010001101000011000001111100001101110101100100
0100000110111000000100110010110001000001100110100101100110011000
1100000101110010100011110111000001000001101000000001111100001000
0000000000000000000000000000000011000001101001111000110011011110
0000000000000000000000000000000000000000000000000000000000000000
0000000000000000000000000000000000000000000000000000000000000000
0000000000000000000000000000000000000000000000000000000000000000
0000000000000000000000000000000000000000000000000000000000000000
0000000000000000000000000000000000000000000000000000000000000000
0000000000000000000000000000000000000000000000000000000000000000
0000000000000000000000000000000000000000000000000000000000000000
0000000000000000000000000000000000000000000000000000000000000000
0000000000000000000000000000000000000000000000000000000000000000
0000000000000000000000000000000000000000000000000000000000000000
0000000000000000000000000000000000000000000000000000000000000000
0000000000000000000000000000000000000000000000000000000000000000
0000000000000000000000000000000000000000000000000000000000000000
0000000000000000000000000000000000000000000000000000000000000000
0000000000000000000000000000000000000000000000000000000000000000
0000000000000000000000000000000000000000000000000000000000000000
0000000000000000000000000000000000000000000000000000000000000000
0000000000000000000000000000000000000000000000000000000000000000
0000000000000000000000000000000000000000000000000000000000000000
0000000000000000000000000000000000000000000000000000000000000000
0000000000000000000000000000000000000000000000000000000000000000
0000000000000000000000000000000000000000000000000000000000000000
0000000000000000000000000000000000000000000000000000000000000000
0000000000000000000000000000000000000000000000000000000000000000
0000000000000000000000000000000000000000000000000000000000000000
0000000000000000000000000000000000000000000000000000000000000000
0000000000000000000000000000000000000000000000000000000000000000
0000000000000000000000000000000000000000000000000000000000000000
0000000000000000000000000000000000000000000000000000000000000000
0000000000000000000000000000000000000000000000000000000000000000
0000000000000000000000000000000000000000000000000000000000000000
0000000000000000000000000000000000000000000000000000000000000000
0000000000000000000000000000000000000000000000000000000000000000
0000000000000000000000000000000000000000000000000000000000000000
0000000000000000000000000000000000000000000000000000000000000000
0000000000000000000000000000000000000000000000000000000000000000
0000000000000000000000000000000000000000000000000000000000000000
0000000000000000000000000000000000000000000000000000000000000000
0000000000000000000000000000000000000000000000000000000000000000
0000000000000000000000000000000000000000000000000000000000000000
0000000000000000000000000000000000000000000000000000000000000000
0000000000000000000000000000000000000000000000000000000000000000
0000000000000000000000000000000000000000000000000000000000000000
0000000000000000000000000000000000000000000000000000000000000000
0000000000000000000000000000000000000000000000000000000000000000
0000000000000000000000000000000000000000000000000000000000000000
0000000000000000000000000000000000000000000000000000000000000000
0000000000000000000000000000000000000000000000000000000000000000
0000000000000000000000000000000000000000000000000000000000000000
0000000000000000000000000000000000000000000000000000000000000000
0000000000000000000000000000000000000000000000000000000000000000
0000000000000000000000000000000000000000000000000000000000000000
0000000000000000000000000000000000000000000000000000000000000000
0000000000000000000000000000000000000000000000000000000000000000
0000000000000000000000000000000000000000000000000000000000000000
0000000000000000000000000000000000000000000000000000000000000000
0000000000000000000000000000000000000000000000000000000000000000
0000000000000000000000000000000000000000000000000000000000000000
0000000000000000000000000000000000000000000000000000000000000000
0000000000000000000000000000000000000000000000000000000000000000
0000000000000000000000000000000000000000000000000000000000000000
0000000000000000000000000000000000000000000000000000000000000000
0000000000000000000000000000000000000000000000000000000000000000
0000000000000000000000000000000000000000000000000000000000000000
0000000000000000000000000000000000000000000000000000000000000000
0000000000000000000000000000000000000000000000000000000000000000
0000000000000000000000000000000000000000000000000000000000000000
0000000000000000000000000000000000000000000000000000000000000000
0000000000000000000000000000000000000000000000000000000000000000
0000000000000000000000000000000000000000000000000000000000000000
0000000000000000000000000000000000000000000000000000000000000000
0000000000000000000000000000000000000000000000000000000000000000
0000000000000000000000000000000000000000000000000000000000000000
0000000000000000000000000000000000000000000000000000000000000000
0000000000000000000000000000000000000000000000000000000000000000
0000000000000000000000000000000000000000000000000000000000000000
0000000000000000000000000000000000000000000000000000000000000000
0000000000000000000000000000000000000000000000000000000000000000
0000000000000000000000000000000000000000000000000000000000000000
0000000000000000000000000000000000000000000000000000000000000000
0000000000000000000000000000000000000000000000000000000000000000
0000000000000000000000000000000000000000000000000000000000000000
0000000000000000000000000000000000000000000000000000000000000000
0000000000000000000000000000000000000000000000000000000000000000
0000000000000000000000000000000000000000000000000000000000000000
0000000000000000000000000000000000000000000000000000000000000000
0000000000000000000000000000000000000000000000000000000000000000
0000000000000000000000000000000000000000000000000000000000000000
0000000000000000000000000000000000000000000000000000000000000000
0000000000000000000000000000000000000000000000000000000000000000
0000000000000000000000000000000000000000000000000000000000000000
0000000000000000000000000000000000000000000000000000000000000000
0000000000000000000000000000000000000000000000000000000000000000
0000000000000000000000000000000000000000000000000000000000000000
0000000000000000000000000000000000000000000000000000000000000000
0000000000000000000000000000000000000000000000000000000000000000
0000000000000000000000000000000000000000000000000000000000000000
0000000000000000000000000000000000000000000000000000000000000000
0000000000000000000000000000000000000000000000000000000000000000
0000000000000000000000000000000000000000000000000000000000000000
0000000000000000000000000000000000000000000000000000000000000000
0000000000000000000000000000000000000000000000000000000000000000
0000000000000000000000000000000000000000000000000000000000000000
0000000000000000000000000000000000000000000000000000000000000000
0000000000000000000000000000000000000000000000000000000000000000
0000000000000000000000000000000000000000000000000000000000000000
0000000000000000000000000000000000000000000000000000000000000000
0000000000000000000000000000000000000000000000000000000000000000
0000000000000000000000000000000000000000000000000000000000000000
0000000000000000000000000000000000000000000000000000000000000000
0000000000000000000000000000000000000000000000000000000000000000
0000000000000000000000000000000000000000000000000000000000000000
0000000000000000000000000000000000000000000000000000000000000000
0000000000000000000000000000000000000000000000000000000000000000
0000000000000000000000000000000000000000000000000000000000000000
0000000000000000000000000000000000000000000000000000000000000000
0000000000000000000000000000000000000000000000000000000000000000
0000000000000000000000000000000000000000000000000000000000000000
0000000000000000000000000000000000000000000000000000000000000000
0000000000000000000000000000000000000000000000000000000000000000
0000000000000000000000000000000000000000000000000000000000000000
0000000000000000000000000000000000000000000000000000000000000000
0000000000000000000000000000000000000000000000000000000000000000
0000000000000000000000000000000000000000000000000000000000000000
0000000000000000000000000000000000000000000000000000000000000000
0000000000000000000000000000000000000000000000000000000000000000
0000000000000000000000000000000000000000000000000000000000000000
0000000000000000000000000000000000000000000000000000000000000000
0000000000000000000000000000000000000000000000000000000000000000
0000000000000000000000000000000000000000000000000000000000000000
0000000000000000000000000000000000000000000000000000000000000000
0000000000000000000000000000000000000000000000000000000000000000
0000000000000000000000000000000000000000000000000000000000000000
0000000000000000000000000000000000000000000000000000000000000000
0000000000000000000000000000000000000000000000000000000000000000
0000000000000000000000000000000000000000000000000000000000000000
0000000000000000000000000000000000000000000000000000000000000000
0000000000000000000000000000000000000000000000000000000000000000
0000000000000000000000000000000000000000000000000000000000000000
0000000000000000000000000000000000000000000000000000000000000000
0000000000000000000000000000000000000000000000000000000000000000
0000000000000000000000000000000000000000000000000000000000000000
0000000000000000000000000000000000000000000000000000000000000000
0000000000000000000000000000000000000000000000000000000000000000
0000000000000000000000000000000000000000000000000000000000000000
0000000000000000000000000000000000000000000000000000000000000000
0000000000000000000000000000000000000000000000000000000000000000
0000000000000000000000000000000000000000000000000000000000000000
0000000000000000000000000000000000000000000000000000000000000000
0000000000000000000000000000000000000000000000000000000000000000
0000000000000000000000000000000000000000000000000000000000000000
0000000000000000000000000000000000000000000000000000000000000000
0000000000000000000000000000000000000000000000000000000000000000
0000000000000000000000000000000000000000000000000000000000000000
0000000000000000000000000000000000000000000000000000000000000000
0000000000000000000000000000000000000000000000000000000000000000
0000000000000000000000000000000000000000000000000000000000000000
0000000000000000000000000000000000000000000000000000000000000000
0000000000000000000000000000000000000000000000000000000000000000
0000000000000000000000000000000000000000000000000000000000000000
0000000000000000000000000000000000000000000000000000000000000000
0000000000000000000000000000000000000000000000000000000000000000
0000000000000000000000000000000000000000000000000000000000000000
0000000000000000000000000000000000000000000000000000000000000000
0000000000000000000000000000000000000000000000000000000000000000
0000000000000000000000000000000000000000000000000000000000000000
0000000000000000000000000000000000000000000000000000000000000000
0000000000000000000000000000000000000000000000000000000000000000
0000000000000000000000000000000000000000000000000000000000000000
0000000000000000000000000000000000000000000000000000000000000000
0000000000000000000000000000000000000000000000000000000000000000
0000000000000000000000000000000000000000000000000000000000000000
0000000000000000000000000000000000000000000000000000000000000000
0000000000000000000000000000000000000000000000000000000000000000
0000000000000000000000000000000000000000000000000000000000000000
0000000000000000000000000000000000000000000000000000000000000000
0000000000000000000000000000000000000000000000000000000000000000
0000000000000000000000000000000000000000000000000000000000000000
0000000000000000000000000000000000000000000000000000000000000000
0000000000000000000000000000000000000000000000000000000000000000
0000000000000000000000000000000000000000000000000000000000000000
0000000000000000000000000000000000000000000000000000000000000000
0000000000000000000000000000000000000000000000000000000000000000
0000000000000000000000000000000000000000000000000000000000000000
0000000000000000000000000000000000000000000000000000000000000000
0000000000000000000000000000000000000000000000000000000000000000
0000000000000000000000000000000000000000000000000000000000000000
0000000000000000000000000000000000000000000000000000000000000000
0000000000000000000000000000000000000000000000000000000000000000
0000000000000000000000000000000000000000000000000000000000000000
0000000000000000000000000000000000000000000000000000000000000000
0000000000000000000000000000000000000000000000000000000000000000
0000000000000000000000000000000000000000000000000000000000000000
0000000000000000000000000000000000000000000000000000000000000000
0000000000000000000000000000000000000000000000000000000000000000
0000000000000000000000000000000000000000000000000000000000000000
0000000000000000000000000000000000000000000000000000000000000000
0000000000000000000000000000000000000000000000000000000000000000
0000000000000000000000000000000000000000000000000000000000000000
0000000000000000000000000000000000000000000000000000000000000000
0000000000000000000000000000000000000000000000000000000000000000
0000000000000000000000000000000000000000000000000000000000000000
0000000000000000000000000000000000000000000000000000000000000000
0000000000000000000000000000000000000000000000000000000000000000
0000000000000000000000000000000000000000000000000000000000000000
0000000000000000000000000000000000000000000000000000000000000000
0000000000000000000000000000000000000000000000000000000000000000
0000000000000000000000000000000000000000000000000000000000000000
0000000000000000000000000000000000000000000000000000000000000000
0000000000000000000000000000000000000000000000000000000000000000
0000000000000000000000000000000000000000000000000000000000000000
0000000000000000000000000000000000000000000000000000000000000000
0000000000000000000000000000000000000000000000000000000000000000
0000000000000000000000000000000000000000000000000000000000000000
0000000000000000000000000000000000000000000000000000000000000000
0000000000000000000000000000000000000000000000000000000000000000
0000000000000000000000000000000000000000000000000000000000000000
0000000000000000000000000000000000000000000000000000000000000000
0000000000000000000000000000000000000000000000000000000000000000
0000000000000000000000000000000000000000000000000000000000000000
0000000000000000000000000000000000000000000000000000000000000000
0000000000000000000000000000000000000000000000000000000000000000
0000000000000000000000000000000000000000000000000000000000000000
0000000000000000000000000000000000000000000000000000000000000000
0000000000000000000000000000000000000000000000000000000000000000
0000000000000000000000000000000000000000000000000000000000000000
0000000000000000000000000000000000000000000000000000000000000000
0000000000000000000000000000000000000000000000000000000000000000
0000000000000000000000000000000000000000000000000000000000000000
0000000000000000000000000000000000000000000000000000000000000000
0000000000000000000000000000000000000000000000000000000000000000
0000000000000000000000000000000000000000000000000000000000000000
0000000000000000000000000000000000000000000000000000000000000000
0000000000000000000000000000000000000000000000000000000000000000
0000000000000000000000000000000000000000000000000000000000000000
0000000000000000000000000000000000000000000000000000000000000000
0000000000000000000000000000000000000000000000000000000000000000
0000000000000000000000000000000000000000000000000000000000000000
0000000000000000000000000000000000000000000000000000000000000000
0000000000000000000000000000000000000000000000000000000000000000
0000000000000000000000000000000000000000000000000000000000000000
0000000000000000000000000000000000000000000000000000000000000000
0000000000000000000000000000000000000000000000000000000000000000
0000000000000000000000000000000000000000000000000000000000000000
0000000000000000000000000000000000000000000000000000000000000000
0000000000000000000000000000000000000000000000000000000000000000
0000000000000000000000000000000000000000000000000000000000000000
0000000000000000000000000000000000000000000000000000000000000000
0000000000000000000000000000000000000000000000000000000000000000
0000000000000000000000000000000000000000000000000000000000000000
0000000000000000000000000000000000000000000000000000000000000000
0000000000000000000000000000000000000000000000000000000000000000
0000000000000000000000000000000000000000000000000000000000000000
0000000000000000000000000000000000000000000000000000000000000000
0000000000000000000000000000000000000000000000000000000000000000
0000000000000000000000000000000000000000000000000000000000000000
0000000000000000000000000000000000000000000000000000000000000000
0000000000000000000000000000000000000000000000000000000000000000
0000000000000000000000000000000000000000000000000000000000000000
0000000000000000000000000000000000000000000000000000000000000000
0000000000000000000000000000000000000000000000000000000000000000
0000000000000000000000000000000000000000000000000000000000000000
0000000000000000000000000000000000000000000000000000000000000000
0000000000000000000000000000000000000000000000000000000000000000
0000000000000000000000000000000000000000000000000000000000000000
0000000000000000000000000000000000000000000000000000000000000000
0000000000000000000000000000000000000000000000000000000000000000
0000000000000000000000000000000000000000000000000000000000000000
0000000000000000000000000000000000000000000000000000000000000000
0000000000000000000000000000000000000000000000000000000000000000
0000000000000000000000000000000000000000000000000000000000000000
0000000000000000000000000000000000000000000000000000000000000000
0000000000000000000000000000000000000000000000000000000000000000
0000000000000000000000000000000000000000000000000000000000000000
0000000000000000000000000000000000000000000000000000000000000000
0000000000000000000000000000000000000000000000000000000000000000
0000000000000000000000000000000000000000000000000000000000000000
0000000000000000000000000000000000000000000000000000000000000000
0000000000000000000000000000000000000000000000000000000000000000
0000000000000000000000000000000000000000000000000000000000000000
0000000000000000000000000000000000000000000000000000000000000000
0000000000000000000000000000000000000000000000000000000000000000
0000000000000000000000000000000000000000000000000000000000000000
0000000000000000000000000000000000000000000000000000000000000000
0000000000000000000000000000000000000000000000000000000000000000
0000000000000000000000000000000000000000000000000000000000000000
0000000000000000000000000000000000000000000000000000000000000000
0000000000000000000000000000000000000000000000000000000000000000
0000000000000000000000000000000000000000000000000000000000000000
0000000000000000000000000000000000000000000000000000000000000000
0000000000000000000000000000000000000000000000000000000000000000
0000000000000000000000000000000000000000000000000000000000000000
0000000000000000000000000000000000000000000000000000000000000000
0000000000000000000000000000000000000000000000000000000000000000
0000000000000000000000000000000000000000000000000000000000000000
0000000000000000000000000000000000000000000000000000000000000000
0000000000000000000000000000000000000000000000000000000000000000
0000000000000000000000000000000000000000000000000000000000000000
0000000000000000000000000000000000000000000000000000000000000000
0000000000000000000000000000000000000000000000000000000000000000
0000000000000000000000000000000000000000000000000000000000000000
0000000000000000000000000000000000000000000000000000000000000000
0000000000000000000000000000000000000000000000000000000000000000
0000000000000000000000000000000000000000000000000000000000000000
0000000000000000000000000000000000000000000000000000000000000000
0000000000000000000000000000000000000000000000000000000000000000
0000000000000000000000000000000000000000000000000000000000000000
0000000000000000000000000000000000000000000000000000000000000000
0000000000000000000000000000000000000000000000000000000000000000
0000000000000000000000000000000000000000000000000000000000000000
0000000000000000000000000000000000000000000000000000000000000000
0000000000000000000000000000000000000000000000000000000000000000
0000000000000000000000000000000000000000000000000000000000000000
0000000000000000000000000000000000000000000000000000000000000000
0000000000000000000000000000000000000000000000000000000000000000
0000000000000000000000000000000000000000000000000000000000000000
0000000000000000000000000000000000000000000000000000000000000000
0000000000000000000000000000000000000000000000000000000000000000
0000000000000000000000000000000000000000000000000000000000000000
0000000000000000000000000000000000000000000000000000000000000000
0000000000000000000000000000000000000000000000000000000000000000
0000000000000000000000000000000000000000000000000000000000000000
0000000000000000000000000000000000000000000000000000000000000000
0000000000000000000000000000000000000000000000000000000000000000
0000000000000000000000000000000000000000000000000000000000000000
0000000000000000000000000000000000000000000000000000000000000000
0000000000000000000000000000000000000000000000000000000000000000
0000000000000000000000000000000000000000000000000000000000000000
0000000000000000000000000000000000000000000000000000000000000000
0000000000000000000000000000000000000000000000000000000000000000
0000000000000000000000000000000000000000000000000000000000000000
0000000000000000000000000000000000000000000000000000000000000000
0000000000000000000000000000000000000000000000000000000000000000
0000000000000000000000000000000000000000000000000000000000000000
0000000000000000000000000000000000000000000000000000000000000000
0000000000000000000000000000000000000000000000000000000000000000
0000000000000000000000000000000000000000000000000000000000000000
0000000000000000000000000000000000000000000000000000000000000000
0000000000000000000000000000000000000000000000000000000000000000
0000000000000000000000000000000000000000000000000000000000000000
0000000000000000000000000000000000000000000000000000000000000000
0000000000000000000000000000000000000000000000000000000000000000
0000000000000000000000000000000000000000000000000000000000000000
0000000000000000000000000000000000000000000000000000000000000000
0000000000000000000000000000000000000000000000000000000000000000
0000000000000000000000000000000000000000000000000000000000000000
0000000000000000000000000000000000000000000000000000000000000000
0000000000000000000000000000000000000000000000000000000000000000
0000000000000000000000000000000000000000000000000000000000000000
0000000000000000000000000000000000000000000000000000000000000000
0000000000000000000000000000000000000000000000000000000000000000
0000000000000000000000000000000000000000000000000000000000000000
0000000000000000000000000000000000000000000000000000000000000000
0000000000000000000000000000000000000000000000000000000000000000
0000000000000000000000000000000000000000000000000000000000000000
0000000000000000000000000000000000000000000000000000000000000000
0000000000000000000000000000000000000000000000000000000000000000
0000000000000000000000000000000000000000000000000000000000000000
0000000000000000000000000000000000000000000000000000000000000000
0000000000000000000000000000000000000000000000000000000000000000
0000000000000000000000000000000000000000000000000000000000000000
0000000000000000000000000000000000000000000000000000000000000000
0000000000000000000000000000000000000000000000000000000000000000
0000000000000000000000000000000000000000000000000000000000000000
0000000000000000000000000000000000000000000000000000000000000000
0000000000000000000000000000000000000000000000000000000000000000
0000000000000000000000000000000000000000000000000000000000000000
0000000000000000000000000000000000000000000000000000000000000000
0000000000000000000000000000000000000000000000000000000000000000
0000000000000000000000000000000000000000000000000000000000000000
0000000000000000000000000000000000000000000000000000000000000000
0000000000000000000000000000000000000000000000000000000000000000
0000000000000000000000000000000000000000000000000000000000000000
0000000000000000000000000000000000000000000000000000000000000000
0000000000000000000000000000000000000000000000000000000000000000
0000000000000000000000000000000000000000000000000000000000000000
0000000000000000000000000000000000000000000000000000000000000000
0000000000000000000000000000000000000000000000000000000000000000
0000000000000000000000000000000000000000000000000000000000000000
0000000000000000000000000000000000000000000000000000000000000000
0000000000000000000000000000000000000000000000000000000000000000
0000000000000000000000000000000000000000000000000000000000000000
0000000000000000000000000000000000000000000000000000000000000000
0000000000000000000000000000000000000000000000000000000000000000
0000000000000000000000000000000000000000000000000000000000000000
0000000000000000000000000000000000000000000000000000000000000000
0000000000000000000000000000000000000000000000000000000000000000
0000000000000000000000000000000000000000000000000000000000000000
0000000000000000000000000000000000000000000000000000000000000000
0000000000000000000000000000000000000000000000000000000000000000
0000000000000000000000000000000000000000000000000000000000000000
0000000000000000000000000000000000000000000000000000000000000000
0000000000000000000000000000000000000000000000000000000000000000
0000000000000000000000000000000000000000000000000000000000000000
0000000000000000000000000000000000000000000000000000000000000000
0000000000000000000000000000000000000000000000000000000000000000
0000000000000000000000000000000000000000000000000000000000000000
0000000000000000000000000000000000000000000000000000000000000000
0000000000000000000000000000000000000000000000000000000000000000
0000000000000000000000000000000000000000000000000000000000000000
0000000000000000000000000000000000000000000000000000000000000000
0000000000000000000000000000000000000000000000000000000000000000
0000000000000000000000000000000000000000000000000000000000000000
0000000000000000000000000000000000000000000000000000000000000000
0000000000000000000000000000000000000000000000000000000000000000
0000000000000000000000000000000000000000000000000000000000000000
0000000000000000000000000000000000000000000000000000000000000000
0000000000000000000000000000000000000000000000000000000000000000
0000000000000000000000000000000000000000000000000000000000000000
0000000000000000000000000000000000000000000000000000000000000000
0000000000000000000000000000000000000000000000000000000000000000
0000000000000000000000000000000000000000000000000000000000000000
0000000000000000000000000000000000000000000000000000000000000000
0000000000000000000000000000000000000000000000000000000000000000
0000000000000000000000000000000000000000000000000000000000000000
0000000000000000000000000000000000000000000000000000000000000000
0000000000000000000000000000000000000000000000000000000000000000
0000000000000000000000000000000000000000000000000000000000000000
0000000000000000000000000000000000000000000000000000000000000000
0000000000000000000000000000000000000000000000000000000000000000
0000000000000000000000000000000000000000000000000000000000000000
0000000000000000000000000000000000000000000000000000000000000000
0000000000000000000000000000000000000000000000000000000000000000
0000000000000000000000000000000000000000000000000000000000000000
0000000000000000000000000000000000000000000000000000000000000000
0000000000000000000000000000000000000000000000000000000000000000
0000000000000000000000000000000000000000000000000000000000000000
0000000000000000000000000000000000000000000000000000000000000000
0000000000000000000000000000000000000000000000000000000000000000
0000000000000000000000000000000000000000000000000000000000000000
0000000000000000000000000000000000000000000000000000000000000000
0000000000000000000000000000000000000000000000000000000000000000
0000000000000000000000000000000000000000000000000000000000000000
0000000000000000000000000000000000000000000000000000000000000000
0000000000000000000000000000000000000000000000000000000000000000
0000000000000000000000000000000000000000000000000000000000000000
0000000000000000000000000000000000000000000000000000000000000000
0000000000000000000000000000000000000000000000000000000000000000
0000000000000000000000000000000000000000000000000000000000000000
0000000000000000000000000000000000000000000000000000000000000000
0000000000000000000000000000000000000000000000000000000000000000
0000000000000000000000000000000000000000000000000000000000000000
0000000000000000000000000000000000000000000000000000000000000000
0000000000000000000000000000000000000000000000000000000000000000
0000000000000000000000000000000000000000000000000000000000000000
0000000000000000000000000000000000000000000000000000000000000000
0000000000000000000000000000000000000000000000000000000000000000
0000000000000000000000000000000000000000000000000000000000000000
0000000000000000000000000000000000000000000000000000000000000000
0000000000000000000000000000000000000000000000000000000000000000
0000000000000000000000000000000000000000000000000000000000000000
0000000000000000000000000000000000000000000000000000000000000000
0000000000000000000000000000000000000000000000000000000000000000
0000000000000000000000000000000000000000000000000000000000000000
0000000000000000000000000000000000000000000000000000000000000000
0000000000000000000000000000000000000000000000000000000000000000
0000000000000000000000000000000000000000000000000000000000000000
0000000000000000000000000000000000000000000000000000000000000000
0000000000000000000000000000000000000000000000000000000000000000
0000000000000000000000000000000000000000000000000000000000000000
0000000000000000000000000000000000000000000000000000000000000000
0000000000000000000000000000000000000000000000000000000000000000
0000000000000000000000000000000000000000000000000000000000000000
0000000000000000000000000000000000000000000000000000000000000000
0000000000000000000000000000000000000000000000000000000000000000
0000000000000000000000000000000000000000000000000000000000000000
0000000000000000000000000000000000000000000000000000000000000000
0000000000000000000000000000000000000000000000000000000000000000
0000000000000000000000000000000000000000000000000000000000000000
0000000000000000000000000000000000000000000000000000000000000000
0000000000000000000000000000000000000000000000000000000000000000
0000000000000000000000000000000000000000000000000000000000000000
0000000000000000000000000000000000000000000000000000000000000000
0000000000000000000000000000000000000000000000000000000000000000
0000000000000000000000000000000000000000000000000000000000000000
0000000000000000000000000000000000000000000000000000000000000000
0000000000000000000000000000000000000000000000000000000000000000
0000000000000000000000000000000000000000000000000000000000000000
0000000000000000000000000000000000000000000000000000000000000000
0000000000000000000000000000000000000000000000000000000000000000
0000000000000000000000000000000000000000000000000000000000000000
0000000000000000000000000000000000000000000000000000000000000000
0000000000000000000000000000000000000000000000000000000000000000
0000000000000000000000000000000000000000000000000000000000000000
0000000000000000000000000000000000000000000000000000000000000000
0000000000000000000000000000000000000000000000000000000000000000
0000000000000000000000000000000000000000000000000000000000000000
0000000000000000000000000000000000000000000000000000000000000000
0000000000000000000000000000000000000000000000000000000000000000
0000000000000000000000000000000000000000000000000000000000000000
0000000000000000000000000000000000000000000000000000000000000000
0000000000000000000000000000000000000000000000000000000000000000
0000000000000000000000000000000000000000000000000000000000000000
0000000000000000000000000000000000000000000000000000000000000000
0000000000000000000000000000000000000000000000000000000000000000
0000000000000000000000000000000000000000000000000000000000000000
0000000000000000000000000000000000000000000000000000000000000000
0000000000000000000000000000000000000000000000000000000000000000
0000000000000000000000000000000000000000000000000000000000000000
0000000000000000000000000000000000000000000000000000000000000000
0000000000000000000000000000000000000000000000000000000000000000
0000000000000000000000000000000000000000000000000000000000000000
0000000000000000000000000000000000000000000000000000000000000000
0000000000000000000000000000000000000000000000000000000000000000
0000000000000000000000000000000000000000000000000000000000000000
0000000000000000000000000000000000000000000000000000000000000000
0000000000000000000000000000000000000000000000000000000000000000
0000000000000000000000000000000000000000000000000000000000000000
0000000000000000000000000000000000000000000000000000000000000000
0000000000000000000000000000000000000000000000000000000000000000
0000000000000000000000000000000000000000000000000000000000000000
