01000100000000000000000000001011
11000100000111111011110101011000
11000001110100101111011011011100
01000011010111011010101110110110
01000010000111000110110001100010
11000011001101101000011011001110
01000001011101101100011001101000
01000010111110000111111111101100
11000010001011100110110000011100
11000010001100100111100100001000
11000001100010010001101010010100
01000010101000111000010011000010
11000010000001101011100110000010
10111111000010011110110000000000
11000010100010100011011100000101
01000010110110011110111111000101
11000001100000101010111000011100
11000010101001000101100100110101
01000010010000010001101101100010
01000010001111011010110001101110
11000010100011111000000111110110
01000010000001000000101011001110
11000000011010101110101110000000
11000001100011011110011110011100
01000010001011010100100100100100
11000001110000111100010111000100
11000010000111000110001110101010
01000010001010000100111100000100
01000010011010000100111111001110
11000011000001010010111000110000
01000010100010011101000011110010
01000010010001001000101001011100
11000010100010001010000001010100
10111111001101100101101000000000
01000001111011110111111101101100
01000001010010110110110111101000
11000010001001111110000100100110
01000001011110001000101110101000
01000001100101001111001011011100
11000001111010011111110001111000
01000010001000111000110011100110
11000010011000000010001111111000
01000010000010110011111000100110
01000001110010011000111101011000
11000010011111000010101011000110
01000010000100001110101001000010
01000001101100110010100111001100
11000010010011011010001000001100
01000001111000101100001100011100
01000001101110010000000110001000
11000010011111011000010011111100
01000010011111100100001011101110
11000001110100100010000010100100
11000001001101100010011010001000
01000001001110000011100010100000
01000001101101010000111010000100
11000010010001110001011110101110
01000010000100011101010101101100
01000001000000010010101111010000
11000010001001110111110101110100
01000001111111100101010110110100
01000001001100101000100110010000
11000010000111110111000001010100
01000001101110110000101111010100
01000001011011101011001111010000
11000001111001001101001001001000
01000001001100011001111100000000
10111111001000101100101010000000
01000001101000101010100000000000
11000010001011000010010110010110
01000001111011000010100010110000
01000001100100111011111000001000
11000010011011001000011011010100
01000010010111100100010111011010
11000001001101000000010100111000
11000010000010111011110010110010
01000010010000001111001010011100
11000010000010000110010010011010
01000001110010101110111101110100
11000010000000001011110110111000
01000001111001100000011000000100
10111111111011111001000100000000
11000001100111101110011000110000
01000001001101100111100111100000
01000000110111100011010100010000
11000001000100000000011110100000
01000001001010010000010100011000
11000001111101110001011000000000
01000010000111100000110110001000
11000000010101001000010110100000
11000010000111110010010100000000
01000001111001101011000000110100
01000001011001011010111100101000
11000001010001010000011100011000
11000010000101101110001010100000
01000010010110101100101010001010
11000001001010011110001011101000
11000001101011010100001001001100
11000000101101010111111010100000
01000010000100010010001011000000
11000001010100000011111100011000
11000001110010111011111011000000
01000001101110010110001101100100
11000000110101100111100010000000
01000001101010101010000110011000
11000010000000000010000010000100
11000001001001101101110101001000
01000010010101101100010111010000
11000001001011000100111111000000
11000010101001000111101110001101
01000010110001111001111100110110
11000001100111011001111011110100
11000010001010110100011100001110
01000001100110011111010000100100
01000001100010110100110100001000
01000000011111000011011111100000
11000001111100111011001011001100
11000000111000101100110100010000
01000010011011000110110110110110
11000010000111101000011001101000
11000001101000010111001111101100
01000001101101101100110110111100
01000001110101111000101100001100
11000010000000110010110101110110
11000001101011001110011110100100
01000010001001001010010011001000
01000001011101011100001001111000
11000010011011111100000001001010
01000001100110001111010000001100
01000010010001110101100010110100
11000010011011011001011011000000
01000001110011010101001010011100
11000001100010010101101011111000
01000010000001001000100011100100
11000001110011100010000100111100
00111111101010011110000010000000
11000000100000011100001100010000
01000001101110101111000000101100
11000001000100001110110111100000
11000001111100101000001110111100
01000001111110011111100011011100
01000001100110110001101001000000
11000010011101000010100101110110
01000010010011111000011011011010
11000001100000011000010000100100
11000001001011110110000011001000
01000001101101100110100011010100
11000001100000000001011111110000
11000001001001010010000110011000
01000001101111001101110010101000
01000001000101110010111011100000
11000010010101010011110000101010
01000010000111000111010100111100
01000001101010111001100010001000
11000010000111110000011110011110
11000001010011101111001000100000
01000010011011111100111111110100
11000010001100001000111101100010
01000001000111000000011110100000
11000001000111111101010100111000
01000001100001110010000010110000
01000001001000111100100100001000
11000010000101111100110111100110
01000001100011000011111010101100
01000001101101001011001110000000
11000001101001100110110110001100
11000001100110101110110001010100
01000010001101101101100010011010
11000010001001001110010110011000
01000001110111001110101001000000
11000001010100001111111010010000
11000000100101100111000000110000
01000001001000111001010011100000
00111111111001001100011000000000
11000000000001110001100001100000
11000001100101110000000110011000
01000001011000101111010100000000
01000010001011100110011110010110
11000010101111010001111100100111
01000010100100001001000111011100
11000001010001110111011000100000
10111111100101011101000110000000
11000010000000010011011110001100
01000010001010111100000010010100
11000001001100100110111000001000
11000001011110111111110010110000
01000001100110011111101010001100
11000001111010111011110010011100
01000010001111000100111001111110
11000010000001111000011100001110
11000000110110111100111011110000
01000001101101110101110010111000
11000000001010101101001110100000
11000000100011000001100111010000
11000001101101100111000100011100
01000010001000010101110100111010
11000001100101010010100111001000
11000001000110011000000110001000
01000001001001111001000100100000
01000000000011100010100100100000
11000001000010011000111100010000
01000001100010101011000011101100
11000001111010101100011010101100
01000001100110110100100010001000
01000001011100100000101010110000
11000010000010111000111011100110
01000001100010000101111010111100
01000001001000111101011000111000
11000001100010111111001111011000
01000001010110110100101111110000
11000001001110000011111100101000
10111111101110001011000000000000
01000001110111110010111101000000
11000010001000001111111011111010
01000001101111011100110011000100
11000000000010000000100000100000
11000000100101001101101101110000
01000001000110010001000001001000
11000001101011001100101111001000
01000001101100101111101101000100
11000000101010010101100101100000
11000000100010010000001100010000
11000000101100111011010001010000
01000001001100001110000101101000
10111111100111011010001110000000
01000000001100011111000000100000
11000001110001110011101101111100
01000001111101010110000011100100
10111111010100010000111010000000
11000001101111100101011011101000
01000001000010000000011001001000
01000001010110001001000111110000
00111111111011001011010101000000
11000010000001111011001011010000
01000010000100001101100000000110
11000001100000011100100111001000
01000001011000001011010111110000
11000001111001100001101101011000
01000001111011001000100011100000
11000001100110100100111101100100
01000001101110111011001010101000
11000001111111110011101001111100
01000001011101101101110001111000
01000001001001111100101000100000
11000000100110011011101101010000
11000001101100101011001100111100
01000001101000111101111011011000
01000001010010010101110101100000
11000001110001001110000101000100
00111111111110110000100110000000
01000000100010100001110100000000
01000001111011001110000000011000
11000010010100101000000001110000
01000001101110001010010001101100
01000001100110110111110101110000
11000001100110101111011001101100
11000000100000111010010110100000
11000000110011111010010111110000
01000010010000000101111110001000
11000010011100000111000010101100
01000001101001110100001100010000
01000001100010110011011111100100
11000000100010000111000010000000
11000010001001110110101010101110
01000010100000100000001100101000
11000010001110000001000010110110
01000001100100010000000001000100
11000001011001100100011001010000
01000001101101010001101000111000
11000000101111111001001100010000
11000010000111010110010010011110
01000010100010111101011001101001
11000010010100001000111011000000
01000001010110111011000101000000
11000000111101011110111100100000
01000010000010001110001010000110
11000010001000111010000101110010
01000000110100011000111110010000
01000001101110001001010011110100
11000001000000011101100100010000
11000001101010000100100011111000
01000001011000010100010101010000
01000001100100010101100110010100
11000001110100100011010011101000
01000000110010100100010000010000
10111111110001110110010110000000
01000001101101011011010100001100
11000001110111001101001101010000
11000000100011110100110010110000
01000010000000001000010100101000
11000001011100000010010010101000
11000001101111011000010001011100
01000010000010010110001001110100
11000001010010000010001011101000
11000000100111100010100000100000
10111110111011101110100000000000
01000001000110010001011111011000
11000000001011111101111000100000
11000001010010010001101011101000
01000001100001100010100011101000
11000000100010111000100011000000
11000001000110001010101100001000
01000000100110100011000001000000
01000001100100111110011110000000
11000001111111100101001000100100
01000001000010010011110110000000
01000010000011011101001111100110
11000010010110101011011000110010
01000010000001001101001001110100
11000000110101001010000010100000
01000001000111001101110101110000
11000001111011111100100000100000
01000010000011000000000101110100
11000001101101101110001110001000
01000001010011100110010110111000
11000000110111100100111110000000
11000000101111110001110100110000
01000001100011101001101110000100
11000001001000010110111100101000
11000001001011001000110000101000
01000001100111001000000101010100
11000001010011110101100100111000
01000001010101001101111110001000
11000001111010111110110010001100
01000010001010110110011001000010
11000010000101010001100101001000
01000001100110011001110001100100
10111111111100111000011111000000
11000001000110111010101010101000
01000001011000110100001001001000
11000001001010110010001100101000
01000000011111110011010101000000
00111111101101001001110010000000
11000001000010110101101111110000
01000001100001001110010100111100
11000001001000100111110111001000
11000001100000011110011010001000
01000010000111001110110110110010
11000010000011110101011001111110
01000001100110010011010001101100
11000001011000010100010001011000
01000001001110110000110100010000
01000001001111011111110010001000
11000010001001100001110101110000
01000010000101111110110111010000
11000000101111101101100011100000
11000000101011100001100000110000
11000001100110110010010000000100
01000010000101010101010101101100
11000001100011111110011010000000
11000001001001111000011000011000
01000001011011000111000010011000
11000001000101000010110111111000
01000001100110010010001100100100
11000001111101010011000100101100
01000001100110100111110010001000
01000000000010010000110111000000
11000000110101000100101000000000
00111110100100110100111000000000
11000000101001010010001001100000
01000001010100110101110011110000
10111111100010110101100000000000
11000001101010001100111111110000
01000001100111010110001101110000
01000000111110010110100011000000
11000001110111001011100101111000
01000001101011100011001010001000
11000001000100110011111100001000
01000001000011001011010101111000
11000001010111010101001000100000
01000001010101110001011010111000
11000001010100001001100010111000
01000001100101111100100001100100
11000001101100000010110011111000
01000001001110101000001001100000
01000000100011010001000100100000
11000001000010101110111100110000
11000000000101110111001110100000
01000001010011100011111011110000
11000000111001101000101000000000
11000001000110011111000101110000
01000001011111101010011100100000
10111111011001000111001110000000
11000001100100101000011000111000
01000001100011000100001001110000
00111110110001010100000000000000
11000001000011010001101000011000
11000000100001011011111000100000
01000001101000011101010101110000
11000001100111010101100011111100
01000000110000111101000000000000
01000001000000100100100011110000
11000001101001011101011110000000
01000001111001001110010011000100
11000001100110100111100111111100
11000000111101111110100110110000
01000001110111101101000111001100
11000001101010001001000111001100
01000000000100000001101001000000
00111111110000101010000100000000
01000001000100100010001101110000
11000001010111011111111010011000
01000001001000100000011010000000
11000001010011100110001100001000
01000001101010110010110101000100
11000001100001011110001010000100
11000000011001110011111111100000
01000001100001100001100011101000
11000001000000011111101000101000
11000001000001011010011100101000
01000001010011111111110011011000
11000000011111100000001010000000
11000001001101000101011111010000
01000001111001001001110000101000
11000010000111011100110000100010
01000001111010111010010111000000
10111111001111100010001000000000
11000001100100110101011101000100
01000000101101011100110001000000
01000001101110011100010101011100
11000010000001011101001001001000
01000001011110110001000100001000
01000000111111100010010001110000
11000001100100000100100001011100
01000001011101101100011000100000
11000000100110001010100000010000
11000001010110010111001111100000
01000001111000010101110011001000
11000001100101011101010010001000
11000001001010001101000110000000
01000001101111101001110110101000
10111111101011001010101111000000
11000001110100011101010110001000
01000001100111110110111100000000
01000001000000100100110011110000
11000001011001101010000011110000
11000000110101011111001111010000
01000001100010000011011111010100
10111111000101011111100110000000
11000001010000010110010110001000
00111110010101001011101000000000
01000001001100010000101011001000
01000000001101110100010001100000
11000001101011000111111101010000
01000001011110010100010000111000
01000000010110110111001000100000
11000000110001110110111100110000
11000000011110001011000111000000
01000000100000101110011101000000
01000000001111110110001000100000
00111111111001100101001110000000
11000001010001111000100101100000
01000000110010101001110001110000
01000001010001011100011111011000
11000001100000101111111100010100
00111111011000001000101110000000
01000001001100010010000100010000
11000001000000001000100010100000
01000000000101110100101010100000
11000000010000011000001001100000
01000000110011000101010100000000
11000001010000110101011111111000
01000001100111111000111000011100
11000001011100001101000001101000
11000001000101100011101101001000
01000001110100010010110110011000
11000000110011100110111000010000
11000001111001010001101100101100
01000010000000101001000011000100
11000000101000110010011111110000
11000001000101111100010010001000
11000000100111101111000101100000
01000001100000000010111010110100
11000000101001001100100101110000
11000000001110001000001001000000
11000001000010001010011011101000
01000001100000011001010110000000
11000000000001011001001101100000
11000001010001011011110001010000
01000000101001100001111111010000
01000001000011110000001101110000
11000001000000001000110110111000
11000000000111110101110110000000
01000001000100011101100100010000
11000001010110001001001101001000
01000001010110100011010000110000
01000000110010000001100010100000
11000010001001010011001111001110
01000010010111100001011101111000
11000010000000111010100000001100
01000000110110100001011010110000
11000001000000001101111100001000
01000001100000100111101010101000
00111111100000111011001000000000
11000001111101011111010100010100
01000010000100000001000100111100
11000001011110110010001101010000
10111110010101001100111000000000
10111101110101111100100000000000
01000000100100000111110101010000
11000001000110111001001110101000
01000001101010101111010011010100
11000001111000011000011110010100
01000001010101101100101110101000
01000001000111101110101001001000
11000001001010100011101010011000
11000001001100110010010100010000
01000001100110100110111010101000
01000000100100100001101011100000
11000001111100001101110101100100
01000001100110100101100110011000
01000001101000000001111100001000
11000001101001111000110011011110
00000000000000000000000000000000
00000000000000000000000000000000
00000000000000000000000000000000
00000000000000000000000000000000
00000000000000000000000000000000
00000000000000000000000000000000
00000000000000000000000000000000
00000000000000000000000000000000
00000000000000000000000000000000
00000000000000000000000000000000
00000000000000000000000000000000
00000000000000000000000000000000
00000000000000000000000000000000
00000000000000000000000000000000
00000000000000000000000000000000
00000000000000000000000000000000
00000000000000000000000000000000
00000000000000000000000000000000
00000000000000000000000000000000
00000000000000000000000000000000
00000000000000000000000000000000
00000000000000000000000000000000
00000000000000000000000000000000
00000000000000000000000000000000
00000000000000000000000000000000
00000000000000000000000000000000
00000000000000000000000000000000
00000000000000000000000000000000
00000000000000000000000000000000
00000000000000000000000000000000
00000000000000000000000000000000
00000000000000000000000000000000
00000000000000000000000000000000
00000000000000000000000000000000
00000000000000000000000000000000
00000000000000000000000000000000
00000000000000000000000000000000
00000000000000000000000000000000
00000000000000000000000000000000
00000000000000000000000000000000
00000000000000000000000000000000
00000000000000000000000000000000
00000000000000000000000000000000
00000000000000000000000000000000
00000000000000000000000000000000
00000000000000000000000000000000
00000000000000000000000000000000
00000000000000000000000000000000
00000000000000000000000000000000
00000000000000000000000000000000
00000000000000000000000000000000
00000000000000000000000000000000
00000000000000000000000000000000
00000000000000000000000000000000
00000000000000000000000000000000
00000000000000000000000000000000
00000000000000000000000000000000
00000000000000000000000000000000
00000000000000000000000000000000
00000000000000000000000000000000
00000000000000000000000000000000
00000000000000000000000000000000
00000000000000000000000000000000
00000000000000000000000000000000
00000000000000000000000000000000
00000000000000000000000000000000
00000000000000000000000000000000
00000000000000000000000000000000
00000000000000000000000000000000
00000000000000000000000000000000
00000000000000000000000000000000
00000000000000000000000000000000
00000000000000000000000000000000
00000000000000000000000000000000
00000000000000000000000000000000
00000000000000000000000000000000
00000000000000000000000000000000
00000000000000000000000000000000
00000000000000000000000000000000
00000000000000000000000000000000
00000000000000000000000000000000
00000000000000000000000000000000
00000000000000000000000000000000
00000000000000000000000000000000
00000000000000000000000000000000
00000000000000000000000000000000
00000000000000000000000000000000
00000000000000000000000000000000
00000000000000000000000000000000
00000000000000000000000000000000
00000000000000000000000000000000
00000000000000000000000000000000
00000000000000000000000000000000
00000000000000000000000000000000
00000000000000000000000000000000
00000000000000000000000000000000
00000000000000000000000000000000
00000000000000000000000000000000
00000000000000000000000000000000
00000000000000000000000000000000
00000000000000000000000000000000
00000000000000000000000000000000
00000000000000000000000000000000
00000000000000000000000000000000
00000000000000000000000000000000
00000000000000000000000000000000
00000000000000000000000000000000
00000000000000000000000000000000
00000000000000000000000000000000
00000000000000000000000000000000
00000000000000000000000000000000
00000000000000000000000000000000
00000000000000000000000000000000
00000000000000000000000000000000
00000000000000000000000000000000
00000000000000000000000000000000
00000000000000000000000000000000
00000000000000000000000000000000
00000000000000000000000000000000
00000000000000000000000000000000
00000000000000000000000000000000
00000000000000000000000000000000
00000000000000000000000000000000
00000000000000000000000000000000
00000000000000000000000000000000
00000000000000000000000000000000
00000000000000000000000000000000
00000000000000000000000000000000
00000000000000000000000000000000
00000000000000000000000000000000
00000000000000000000000000000000
00000000000000000000000000000000
00000000000000000000000000000000
00000000000000000000000000000000
00000000000000000000000000000000
00000000000000000000000000000000
00000000000000000000000000000000
00000000000000000000000000000000
00000000000000000000000000000000
00000000000000000000000000000000
00000000000000000000000000000000
00000000000000000000000000000000
00000000000000000000000000000000
00000000000000000000000000000000
00000000000000000000000000000000
00000000000000000000000000000000
00000000000000000000000000000000
00000000000000000000000000000000
00000000000000000000000000000000
00000000000000000000000000000000
00000000000000000000000000000000
00000000000000000000000000000000
00000000000000000000000000000000
00000000000000000000000000000000
00000000000000000000000000000000
00000000000000000000000000000000
00000000000000000000000000000000
00000000000000000000000000000000
00000000000000000000000000000000
00000000000000000000000000000000
00000000000000000000000000000000
00000000000000000000000000000000
00000000000000000000000000000000
00000000000000000000000000000000
00000000000000000000000000000000
00000000000000000000000000000000
00000000000000000000000000000000
00000000000000000000000000000000
00000000000000000000000000000000
00000000000000000000000000000000
00000000000000000000000000000000
00000000000000000000000000000000
00000000000000000000000000000000
00000000000000000000000000000000
00000000000000000000000000000000
00000000000000000000000000000000
00000000000000000000000000000000
00000000000000000000000000000000
00000000000000000000000000000000
00000000000000000000000000000000
00000000000000000000000000000000
00000000000000000000000000000000
00000000000000000000000000000000
00000000000000000000000000000000
00000000000000000000000000000000
00000000000000000000000000000000
00000000000000000000000000000000
00000000000000000000000000000000
00000000000000000000000000000000
00000000000000000000000000000000
00000000000000000000000000000000
00000000000000000000000000000000
00000000000000000000000000000000
00000000000000000000000000000000
00000000000000000000000000000000
00000000000000000000000000000000
00000000000000000000000000000000
00000000000000000000000000000000
00000000000000000000000000000000
00000000000000000000000000000000
00000000000000000000000000000000
00000000000000000000000000000000
00000000000000000000000000000000
00000000000000000000000000000000
00000000000000000000000000000000
00000000000000000000000000000000
00000000000000000000000000000000
00000000000000000000000000000000
00000000000000000000000000000000
00000000000000000000000000000000
00000000000000000000000000000000
00000000000000000000000000000000
00000000000000000000000000000000
00000000000000000000000000000000
00000000000000000000000000000000
00000000000000000000000000000000
00000000000000000000000000000000
00000000000000000000000000000000
00000000000000000000000000000000
00000000000000000000000000000000
00000000000000000000000000000000
00000000000000000000000000000000
00000000000000000000000000000000
00000000000000000000000000000000
00000000000000000000000000000000
00000000000000000000000000000000
00000000000000000000000000000000
00000000000000000000000000000000
00000000000000000000000000000000
00000000000000000000000000000000
00000000000000000000000000000000
00000000000000000000000000000000
00000000000000000000000000000000
00000000000000000000000000000000
00000000000000000000000000000000
00000000000000000000000000000000
00000000000000000000000000000000
00000000000000000000000000000000
00000000000000000000000000000000
00000000000000000000000000000000
00000000000000000000000000000000
00000000000000000000000000000000
00000000000000000000000000000000
00000000000000000000000000000000
00000000000000000000000000000000
00000000000000000000000000000000
00000000000000000000000000000000
00000000000000000000000000000000
00000000000000000000000000000000
00000000000000000000000000000000
00000000000000000000000000000000
00000000000000000000000000000000
00000000000000000000000000000000
00000000000000000000000000000000
00000000000000000000000000000000
00000000000000000000000000000000
00000000000000000000000000000000
00000000000000000000000000000000
00000000000000000000000000000000
00000000000000000000000000000000
00000000000000000000000000000000
00000000000000000000000000000000
00000000000000000000000000000000
00000000000000000000000000000000
00000000000000000000000000000000
00000000000000000000000000000000
00000000000000000000000000000000
00000000000000000000000000000000
00000000000000000000000000000000
00000000000000000000000000000000
00000000000000000000000000000000
00000000000000000000000000000000
00000000000000000000000000000000
00000000000000000000000000000000
00000000000000000000000000000000
00000000000000000000000000000000
00000000000000000000000000000000
00000000000000000000000000000000
00000000000000000000000000000000
00000000000000000000000000000000
00000000000000000000000000000000
00000000000000000000000000000000
00000000000000000000000000000000
00000000000000000000000000000000
00000000000000000000000000000000
00000000000000000000000000000000
00000000000000000000000000000000
00000000000000000000000000000000
00000000000000000000000000000000
00000000000000000000000000000000
00000000000000000000000000000000
00000000000000000000000000000000
00000000000000000000000000000000
00000000000000000000000000000000
00000000000000000000000000000000
00000000000000000000000000000000
00000000000000000000000000000000
00000000000000000000000000000000
00000000000000000000000000000000
00000000000000000000000000000000
00000000000000000000000000000000
00000000000000000000000000000000
00000000000000000000000000000000
00000000000000000000000000000000
00000000000000000000000000000000
00000000000000000000000000000000
00000000000000000000000000000000
00000000000000000000000000000000
00000000000000000000000000000000
00000000000000000000000000000000
00000000000000000000000000000000
00000000000000000000000000000000
00000000000000000000000000000000
00000000000000000000000000000000
00000000000000000000000000000000
00000000000000000000000000000000
00000000000000000000000000000000
00000000000000000000000000000000
00000000000000000000000000000000
00000000000000000000000000000000
00000000000000000000000000000000
00000000000000000000000000000000
00000000000000000000000000000000
00000000000000000000000000000000
00000000000000000000000000000000
00000000000000000000000000000000
00000000000000000000000000000000
00000000000000000000000000000000
00000000000000000000000000000000
00000000000000000000000000000000
00000000000000000000000000000000
00000000000000000000000000000000
00000000000000000000000000000000
00000000000000000000000000000000
00000000000000000000000000000000
00000000000000000000000000000000
00000000000000000000000000000000
00000000000000000000000000000000
00000000000000000000000000000000
00000000000000000000000000000000
00000000000000000000000000000000
00000000000000000000000000000000
00000000000000000000000000000000
00000000000000000000000000000000
00000000000000000000000000000000
00000000000000000000000000000000
00000000000000000000000000000000
00000000000000000000000000000000
00000000000000000000000000000000
00000000000000000000000000000000
00000000000000000000000000000000
00000000000000000000000000000000
00000000000000000000000000000000
00000000000000000000000000000000
00000000000000000000000000000000
00000000000000000000000000000000
00000000000000000000000000000000
00000000000000000000000000000000
00000000000000000000000000000000
00000000000000000000000000000000
00000000000000000000000000000000
00000000000000000000000000000000
00000000000000000000000000000000
00000000000000000000000000000000
00000000000000000000000000000000
00000000000000000000000000000000
00000000000000000000000000000000
00000000000000000000000000000000
00000000000000000000000000000000
00000000000000000000000000000000
00000000000000000000000000000000
00000000000000000000000000000000
00000000000000000000000000000000
00000000000000000000000000000000
00000000000000000000000000000000
00000000000000000000000000000000
00000000000000000000000000000000
00000000000000000000000000000000
00000000000000000000000000000000
00000000000000000000000000000000
00000000000000000000000000000000
00000000000000000000000000000000
00000000000000000000000000000000
00000000000000000000000000000000
00000000000000000000000000000000
00000000000000000000000000000000
00000000000000000000000000000000
00000000000000000000000000000000
00000000000000000000000000000000
00000000000000000000000000000000
00000000000000000000000000000000
00000000000000000000000000000000
00000000000000000000000000000000
00000000000000000000000000000000
00000000000000000000000000000000
00000000000000000000000000000000
00000000000000000000000000000000
00000000000000000000000000000000
00000000000000000000000000000000
00000000000000000000000000000000
00000000000000000000000000000000
00000000000000000000000000000000
00000000000000000000000000000000
00000000000000000000000000000000
00000000000000000000000000000000
00000000000000000000000000000000
00000000000000000000000000000000
00000000000000000000000000000000
00000000000000000000000000000000
00000000000000000000000000000000
00000000000000000000000000000000
00000000000000000000000000000000
00000000000000000000000000000000
00000000000000000000000000000000
00000000000000000000000000000000
00000000000000000000000000000000
00000000000000000000000000000000
00000000000000000000000000000000
00000000000000000000000000000000
00000000000000000000000000000000
00000000000000000000000000000000
00000000000000000000000000000000
00000000000000000000000000000000
00000000000000000000000000000000
00000000000000000000000000000000
00000000000000000000000000000000
00000000000000000000000000000000
00000000000000000000000000000000
00000000000000000000000000000000
00000000000000000000000000000000
00000000000000000000000000000000
00000000000000000000000000000000
00000000000000000000000000000000
00000000000000000000000000000000
00000000000000000000000000000000
00000000000000000000000000000000
00000000000000000000000000000000
00000000000000000000000000000000
00000000000000000000000000000000
00000000000000000000000000000000
00000000000000000000000000000000
00000000000000000000000000000000
00000000000000000000000000000000
00000000000000000000000000000000
00000000000000000000000000000000
00000000000000000000000000000000
00000000000000000000000000000000
00000000000000000000000000000000
00000000000000000000000000000000
00000000000000000000000000000000
00000000000000000000000000000000
00000000000000000000000000000000
00000000000000000000000000000000
00000000000000000000000000000000
00000000000000000000000000000000
00000000000000000000000000000000
00000000000000000000000000000000
00000000000000000000000000000000
00000000000000000000000000000000
00000000000000000000000000000000
00000000000000000000000000000000
00000000000000000000000000000000
00000000000000000000000000000000
00000000000000000000000000000000
00000000000000000000000000000000
00000000000000000000000000000000
00000000000000000000000000000000
00000000000000000000000000000000
00000000000000000000000000000000
00000000000000000000000000000000
00000000000000000000000000000000
00000000000000000000000000000000
00000000000000000000000000000000
00000000000000000000000000000000
00000000000000000000000000000000
00000000000000000000000000000000
00000000000000000000000000000000
00000000000000000000000000000000
00000000000000000000000000000000
00000000000000000000000000000000
00000000000000000000000000000000
00000000000000000000000000000000
00000000000000000000000000000000
00000000000000000000000000000000
00000000000000000000000000000000
00000000000000000000000000000000
00000000000000000000000000000000
00000000000000000000000000000000
00000000000000000000000000000000
00000000000000000000000000000000
00000000000000000000000000000000
00000000000000000000000000000000
00000000000000000000000000000000
00000000000000000000000000000000
00000000000000000000000000000000
00000000000000000000000000000000
00000000000000000000000000000000
00000000000000000000000000000000
00000000000000000000000000000000
00000000000000000000000000000000
00000000000000000000000000000000
00000000000000000000000000000000
00000000000000000000000000000000
00000000000000000000000000000000
00000000000000000000000000000000
00000000000000000000000000000000
00000000000000000000000000000000
00000000000000000000000000000000
00000000000000000000000000000000
00000000000000000000000000000000
00000000000000000000000000000000
