-0.000005
-0.000000
-0.000001
-0.000000
-0.000000
-0.000000
-0.000000
0.000000
-0.000000
0.000000
-0.000000
0.000000
-0.000000
0.000000
-0.000000
0.000000
-0.000000
0.000000
0.000000
0.000000
0.000000
-0.000000
-0.000000
0.000000
-0.000000
-0.000000
-0.000000
0.000000
0.000000
-0.000000
0.000000
0.000000
-0.000000
0.000000
-0.000000
0.000000
0.000000
0.000000
0.000000
0.000000
-0.000000
-0.000000
-0.000000
-0.000000
0.000000
-0.000000
0.000000
-0.000000
-0.000000
-0.000000
-0.000000
0.000000
-0.000000
-0.000000
0.000000
0.000000
0.000000
-0.000000
-0.000000
-0.000000
-0.000000
0.000000
-0.000000
0.000000
0.000000
0.000000
0.000000
0.000000
0.000000
0.000000
0.000000
0.000000
0.000000
0.000000
0.000000
0.000000
0.000000
-0.000000
-0.000000
0.000000
0.000000
0.000000
0.000000
0.000000
-0.000000
0.000000
0.000000
0.000000
-0.000000
-0.000000
0.000000
0.000000
0.000000
0.000000
0.000000
0.000000
0.000000
0.000000
0.000000
-0.000000
-0.000000
0.000000
-0.000000
0.000000
0.000000
0.000000
0.000000
-0.000000
0.000000
0.000000
0.000000
0.000000
0.000000
0.000000
-0.000000
0.000000
-0.000000
0.000000
0.000000
0.000000
0.000000
0.000000
-0.000000
0.000000
0.000000
-0.000000
-0.000000
-0.000000
0.000000
0.000000
0.000000
0.000000
0.000000
-0.000000
0.000000
0.000000
-0.000000
0.000000
0.000000
0.000000
0.000000
0.000000
-0.000000
0.000000
0.000000
-0.000000
0.000000
-0.000000
-0.000000
-0.000000
0.000000
0.000000
0.000000
0.000000
0.000000
0.000000
-0.000000
-0.000000
-0.000000
0.000000
0.000000
0.000000
0.000000
0.000000
-0.000000
0.000000
0.000000
0.000000
0.000000
0.000000
0.000000
0.000000
0.000000
0.000000
0.000000
0.000000
-0.000000
0.000000
0.000000
0.000000
0.000000
-0.000000
-0.000000
0.000000
0.000000
0.000000
0.000000
0.000000
-0.000000
0.000000
0.000000
0.000000
0.000000
0.000000
-0.000000
-0.000000
0.000000
0.000000
-0.000000
0.000000
0.000000
0.000000
0.000000
0.000000
0.000000
0.000000
0.000000
-0.000000
0.000000
-0.000000
0.000000
0.000000
0.000000
0.000000
0.000000
-0.000000
0.000000
-0.000000
-0.000000
0.000000
0.000000
0.000000
0.000000
0.000000
0.000000
0.000000
0.000000
-0.000000
-0.000000
0.000000
0.000000
0.000000
0.000000
0.000000
0.000000
-0.000000
-0.000000
-0.000000
0.000000
-0.000000
0.000000
-0.000000
-0.000000
0.000000
0.000000
0.000000
-0.000000
0.000000
-0.000000
-0.000000
-0.000000
0.000000
0.000000
-0.000000
0.000000
0.000000
1.495985
0.373996
0.560994
0.186998
0.186998
0.560994
1.869981
0.373996
0.186998
0.373996
0.934990
2.056979
1.682982
3.552963
3.552963
3.178967
0.934990
0.373996
0.747992
0.373996
0.186998
0.000000
1.869981
3.365965
1.495984
0.186998
0.373996
0.000000
0.560994
0.373996
0.186998
3.178967
2.430974
0.934990
0.934990
1.308986
0.560994
1.308986
0.934990
3.552963
0.373996
0.560994
0.373996
0.373996
0.560994
0.934990
2.243977
2.804971
1.682982
0.934990
1.495985
2.056979
1.121988
0.560994
0.934990
0.186998
0.373996
0.186998
0.186998
1.682982
0.186998
0.186998
0.560994
0.560994
0.186998
1.495985
2.243977
1.121988
0.000000
0.560994
1.121988
0.186998
0.373996
0.373996
1.121988
1.121988
0.934990
2.430974
0.186998
4.113957
5.422944
5.609941
2.617973
1.121988
0.934990
0.934990
1.495984
1.869981
1.308986
0.373996
-0.000000
0.186998
0.186998
0.186998
0.560994
-0.000000
0.747992
-0.000000
0.373996
1.121989
0.000000
1.308986
0.560994
1.869980
0.934990
0.747992
0.934990
0.747992
0.560994
0.560994
0.186998
0.560994
0.373996
0.560994
0.560994
0.186998
1.682982
1.121988
0.186998
1.121989
1.121989
0.747992
0.560994
-0.000000
0.560994
0.186998
1.682982
2.804971
0.934990
0.186998
1.308987
0.373996
0.560994
1.121988
0.747992
0.373996
1.308986
1.682982
-0.000000
0.186998
0.934990
1.121988
0.373996
0.560994
1.308986
2.243977
0.373996
0.934990
0.373996
0.747992
0.186998
2.056979
0.560994
0.747992
0.934990
1.121988
0.560994
0.186998
0.186998
0.186998
0.747992
1.682982
0.560994
0.373996
0.934990
0.560994
0.747992
1.869981
0.747992
0.186998
0.186998
0.000000
0.560994
0.186998
0.934990
0.560994
-0.000000
0.186998
0.186998
2.804971
2.804971
0.747992
0.373996
1.495985
1.869981
1.308986
0.747992
1.495985
-0.000000
1.682982
2.430974
2.430974
0.186998
1.121988
0.560994
0.373996
0.934990
1.121988
0.186998
0.186998
0.186998
0.560994
1.121988
1.682982
0.747992
2.056978
1.495985
0.186998
2.804971
2.243977
1.121988
0.000000
1.308987
0.560994
0.747992
0.186998
0.747992
2.430974
1.308987
-0.000000
1.495985
2.243977
1.495985
1.869981
2.430974
1.682982
0.747992
0.747992
3.552963
2.617973
1.682982
1.121989
0.747992
0.186998
0.373996
0.186998
1.495985
2.056979
0.373996
0.747992
1.308986
0.000000
0.560994
2.243977
0.934990
0.747992
0.560994
2.430974
0.747992
-0.000000
0.560994
0.560994
1.495985
0.560994
0.000000
0.747992
1.308986
0.186998
1.121988
2.243977
0.560994
-0.000000
0.186998
1.121988
1.121988
0.373996
0.934990
1.121988
0.000000
1.121988
0.747992
0.747992
0.560994
0.747992
0.373996
-0.000000
0.934990
1.495984
0.186998
0.747992
0.186998
1.682982
2.430974
1.308986
0.186998
1.308986
1.308986
0.747992
0.186998
0.747992
0.747992
1.121988
1.682982
0.186998
2.056979
2.056979
1.682982
0.186998
1.308986
2.617973
2.056979
0.186998
1.121988
1.495985
1.121988
1.308986
2.243977
0.934990
0.186998
0.934990
1.121989
0.560994
1.308986
0.186998
1.121988
2.056979
1.121988
0.934990
0.186998
0.560994
0.186998
0.373996
1.121989
0.934990
0.560994
0.934990
1.121988
1.308986
0.186998
0.747992
1.308986
0.747992
0.186998
0.934990
1.308986
0.747992
2.430974
0.747992
1.869981
2.617973
0.186998
0.000000
0.373996
0.000000
0.934990
0.000000
0.373996
0.186998
1.869980
0.934990
0.373996
0.373996
0.747992
0.373996
0.560994
0.186998
0.747992
0.747992
-0.000000
2.056978
3.365964
2.430974
2.056979
2.243977
1.495984
0.934990
0.934990
1.682982
0.373996
0.747992
0.373996
0.000000
0.000000
0.747992
1.308986
1.682982
2.430974
1.308987
0.186998
1.495985
1.308986
0.934990
0.000000
0.186998
0.000000
0.747992
2.243977
2.804971
2.243977
1.121988
1.495985
1.682982
0.560994
0.747992
1.682982
-0.000000
1.121988
0.560994
0.000000
0.560994
0.186998
0.186998
0.000000
2.056978
1.495984
1.308986
2.243977
0.373996
0.000000
0.000000
1.308986
1.495984
0.186998
1.121988
0.560994
0.373996
1.121988
-0.000000
0.934990
0.186998
0.560994
0.186998
0.373996
1.308986
1.495985
2.056978
2.804971
2.243977
-0.000000
1.495984
1.682982
-0.000000
0.560994
1.682982
2.243977
2.056979
1.308986
1.121988
0.560994
1.308986
1.308986
1.121988
0.934990
2.617973
1.308986
1.682982
0.000000
1.869980
1.308986
2.056978
0.186998
0.560994
0.373996
0.934990
1.308986
0.747992
0.373996
0.373996
0.373996
1.308987
0.747992
0.560994
1.495984
0.747992
0.186998
0.186998
2.243977
2.056978
0.560994
1.495985
2.430974
1.682982
1.308986
1.682982
2.243977
0.000000
0.373996
2.243977
1.495985
0.747992
1.308986
0.000000
1.121988
0.560994
0.186998
1.121988
0.186998
0.747992
0.934990
1.682982
0.747992
2.804971
2.056979
0.747992
0.747992
0.560994
0.373996
0.747992
0.186998
1.495984
1.682982
1.308986
0.186998
0.373996
0.186998
1.308986
2.804971
1.495984
0.373996
0.186998
1.121988
0.560994
0.000000
-0.000000
-0.000000
0.000000
-0.000000
-0.000000
-0.000000
0.000000
-0.000000
0.000000
0.000000
-0.000000
-0.000000
-0.000000
0.000000
-0.000000
-0.000000
-0.000000
0.000000
-0.000000
-0.000000
-0.000000
-0.000000
-0.000000
-0.000000
-0.000000
-0.000000
0.000000
0.000000
-0.000000
-0.000000
0.000000
-0.000000
-0.000000
-0.000000
-0.000000
-0.000000
-0.000000
0.000000
-0.000000
-0.000000
-0.000000
0.000000
-0.000000
-0.000000
-0.000000
0.000000
0.000000
-0.000000
-0.000000
0.000000
-0.000000
-0.000000
-0.000000
0.000000
-0.000000
-0.000000
-0.000000
0.000000
-0.000000
-0.000000
-0.000000
-0.000000
0.000000
0.000000
0.000000
-0.000000
-0.000000
-0.000000
-0.000000
-0.000000
-0.000000
0.000000
-0.000000
-0.000000
-0.000000
0.000000
-0.000000
0.000000
0.000000
-0.000000
-0.000000
-0.000000
-0.000000
-0.000000
-0.000000
-0.000000
-0.000000
-0.000000
-0.000000
0.000000
0.000000
-0.000000
-0.000000
-0.000000
-0.000000
-0.000000
-0.000000
-0.000000
-0.000000
-0.000000
-0.000000
0.000000
-0.000000
0.000000
-0.000000
-0.000000
-0.000000
-0.000000
0.000000
-0.000000
-0.000000
-0.000000
-0.000000
0.000000
-0.000000
-0.000000
-0.000000
-0.000000
0.000000
-0.000000
-0.000000
0.000000
0.000000
-0.000000
0.000000
0.000000
-0.000000
-0.000000
-0.000000
-0.000000
-0.000000
-0.000000
-0.000000
-0.000000
0.000000
-0.000000
-0.000000
-0.000000
-0.000000
0.000000
0.000000
-0.000000
-0.000000
-0.000000
-0.000000
0.000000
-0.000000
-0.000000
-0.000000
-0.000000
-0.000000
-0.000000
-0.000000
-0.000000
-0.000000
-0.000000
-0.000000
-0.000000
-0.000000
-0.000000
-0.000000
-0.000000
-0.000000
-0.000000
-0.000000
-0.000000
-0.000000
-0.000000
0.000000
-0.000000
-0.000000
-0.000000
-0.000000
-0.000000
-0.000000
-0.000000
-0.000000
-0.000000
-0.000000
-0.000000
-0.000000
-0.000000
-0.000001
-0.000000
-0.000000
-0.000000
-0.000000
-0.000000
-0.000000
-0.000000
-0.000000
-0.000000
-0.000000
-0.000000
-0.000000
-0.000000
-0.000000
-0.000000
-0.000000
-0.000000
-0.000000
-0.000000
-0.000000
0.000000
-0.000000
-0.000000
-0.000000
-0.000000
-0.000000
-0.000000
-0.000000
-0.000000
-0.000000
-0.000000
-0.000000
-0.000000
-0.000000
-0.000000
-0.000000
-0.000000
-0.000000
-0.000000
-0.000001
-0.000000
-0.000000
-0.000000
-0.000000
-0.000000
-0.000000
-0.000000
-0.000001
-0.000000
-0.000000
-0.000000
-0.000001
-0.000000
-0.000000
-0.000001
-0.000001
-0.000000
-0.000000
-0.000000
-0.000001
-0.000001
-0.000001
-0.000001
-0.000001
-0.000001
-0.000001
-0.000001
-0.000002
-0.000000
-0.000001
-0.000002
-0.000004
