0.014942
0.015342
0.015719
0.016072
0.016397
0.016694
0.016959
0.017192
0.017390
0.017553
0.017679
0.017767
0.017816
0.017827
0.017799
0.017732
0.017625
0.017481
0.017299
0.017080
0.016826
0.016538
0.016217
0.015866
0.015486
0.015079
0.014647
0.014194
0.013720
0.013229
0.012723
0.012204
0.011675
0.011139
0.010598
0.010054
0.009510
0.008968
0.008430
0.007899
0.007376
0.006864
0.006364
0.005878
0.005407
0.004953
0.004517
0.004101
0.003704
0.003328
0.002973
0.002640
0.002330
0.002042
0.001776
0.001533
0.001313
0.001114
0.000936
0.000780
0.000643
0.000527
0.000429
0.000348
0.000285
0.000237
0.000204
0.000185
0.000179
0.000183
0.000198
0.000222
0.000254
0.000293
0.000337
0.000386
0.000438
0.000493
0.000548
0.000605
0.000661
0.000716
0.000768
0.000818
0.000865
0.000908
0.000946
0.000979
0.001007
0.001029
0.001045
0.001055
0.001059
0.001057
0.001048
0.001033
0.001012
0.000984
0.000951
0.000912
0.000868
0.000819
0.000764
0.000706
0.000643
0.000577
0.000507
0.000435
0.000360
0.000283
0.000204
0.000125
0.000045
-0.000036
-0.000116
-0.000196
-0.000274
-0.000351
-0.000426
-0.000499
-0.000569
-0.000637
-0.000701
-0.000761
-0.000818
-0.000871
-0.000919
-0.000963
-0.001001
-0.001035
-0.001063
-0.001086
-0.001104
-0.001116
-0.001122
-0.001122
-0.001117
-0.001105
-0.001087
-0.001064
-0.001035
-0.000999
-0.000958
-0.000912
-0.000859
-0.000802
-0.000739
-0.000671
-0.000598
-0.000521
-0.000440
-0.000355
-0.000267
-0.000176
-0.000082
0.000015
0.000112
0.000211
0.000311
0.000410
0.000509
0.000607
0.000703
0.000796
0.000886
0.000972
0.001054
0.001131
0.001202
0.001267
0.001325
0.001376
0.001418
0.001453
0.001479
0.001496
0.001503
0.001502
0.001492
0.001472
0.001444
0.001408
0.001365
0.001315
0.001259
0.001199
0.001136
0.001072
0.001010
0.000950
0.000898
0.000854
0.000823
0.000809
0.000816
0.000848
0.000912
0.001014
0.001159
0.001355
0.001609
0.001931
0.002329
0.002813
0.003395
0.004086
0.004899
0.005847
0.006945
0.008209
0.009655
0.011300
0.013163
0.015265
0.017624
0.020264
0.023207
0.026476
0.030096
0.034093
0.038491
0.043318
0.048601
0.054366
0.060643
0.067459
0.074841
0.082817
0.091413
0.100657
0.110572
0.121184
0.132515
0.144586
0.157414
0.171019
0.185412
0.200607
0.216612
0.233431
0.251068
0.269520
0.288781
0.308844
0.329694
0.351314
0.373682
0.396772
0.420555
0.444996
0.470057
0.495696
0.521869
0.548526
0.575615
0.603082
0.630868
0.658916
0.687164
0.715549
0.744009
0.772480
0.800898
0.829200
0.857325
0.885211
0.912800
0.940034
0.966860
0.993226
1.019084
1.044388
1.069098
1.093177
1.116589
1.139307
1.161305
1.182561
1.203058
1.222784
1.241728
1.259886
1.277256
1.293838
1.309638
1.324664
1.338926
1.352437
1.365212
1.377269
1.388625
1.399302
1.409320
1.418702
1.427471
1.435649
1.443260
1.450327
1.456873
1.462921
1.468492
1.473608
1.478288
1.482553
1.486419
1.489905
1.493025
1.495794
1.498226
1.500331
1.502120
1.503603
1.504787
1.505679
1.506283
1.506604
1.506645
1.506408
1.505894
1.505104
1.504037
1.502693
1.501069
1.499163
1.496974
1.494498
1.491734
1.488679
1.485330
1.481685
1.477742
1.473500
1.468957
1.464114
1.458971
1.453528
1.447787
1.441751
1.435424
1.428809
1.421912
1.414740
1.407299
1.399598
1.391646
1.383453
1.375030
1.366390
1.357544
1.348507
1.339293
1.329918
1.320397
1.310748
1.300986
1.291129
1.281197
1.271207
1.261177
1.251127
1.241076
1.231042
1.221046
1.211105
1.201240
1.191468
1.181808
1.172278
1.162895
1.153678
1.144642
1.135804
1.127178
1.118781
1.110625
1.102725
1.095093
1.087741
1.080680
1.073919
1.067468
1.061336
1.055530
1.050057
1.044921
1.040130
1.035686
1.031592
1.027852
1.024466
1.021436
1.018762
1.016444
1.014479
1.012866
1.011603
1.010686
1.010113
1.009879
1.009979
1.010410
1.011166
1.012240
1.013628
1.015324
1.017320
1.019612
1.022192
1.025054
1.028190
1.031596
1.035263
1.039185
1.043356
1.047768
1.052415
1.057291
1.062388
1.067701
1.073224
1.078949
1.084871
1.090982
1.097278
1.103751
1.110396
1.117205
1.124173
1.131293
1.138556
1.145958
1.153489
1.161143
1.168911
1.176784
1.184754
1.192811
1.200945
1.209146
1.217401
1.225700
1.234028
1.242372
1.250719
1.259053
1.267358
1.275619
1.283816
1.291933
1.299951
1.307850
1.315611
1.323212
1.330634
1.337854
1.344853
1.351609
1.358099
1.364304
1.370203
1.375775
1.381000
1.385861
1.390340
1.394419
1.398085
1.401322
1.404119
1.406465
1.408352
1.409772
1.410722
1.411198
1.411199
1.410728
1.409788
1.408385
1.406527
1.404225
1.401490
1.398336
1.394779
1.390837
1.386529
1.381875
1.376897
1.371618
1.366063
1.360255
1.354220
1.347983
1.341571
1.335010
1.328325
1.321544
1.314691
1.307792
1.300870
1.293951
1.287056
1.280209
1.273431
1.266742
1.260162
1.253707
1.247397
1.241245
1.235267
1.229476
1.223884
1.218503
1.213342
1.208409
1.203712
1.199257
1.195049
1.191091
1.187385
1.183935
1.180739
1.177797
1.175108
1.172669
1.170476
1.168525
1.166810
1.165325
1.164063
1.163017
1.162177
1.161536
1.161083
1.160808
1.160701
1.160751
1.160946
1.161274
1.161724
1.162285
1.162943
1.163688
1.164506
1.165388
1.166320
1.167294
1.168296
1.169318
1.170350
1.171381
1.172404
1.173412
1.174396
1.175351
1.176271
1.177152
1.177990
1.178782
1.179525
1.180220
1.180866
1.181462
1.182012
1.182517
1.182980
1.183406
1.183797
1.184161
1.184501
1.184824
1.185137
1.185447
1.185759
1.186082
1.186424
1.186790
1.187189
1.187628
1.188113
1.188653
1.189253
1.189919
1.190657
1.191474
1.192373
1.193358
1.194434
1.195604
1.196869
1.198233
1.199696
1.201259
1.202923
1.204685
1.206545
1.208500
1.210549
1.212687
1.214911
1.217216
1.219597
1.222049
1.224565
1.227139
1.229764
1.232432
1.235136
1.237868
1.240619
1.243381
1.246146
1.248903
1.251645
1.254363
1.257048
1.259690
1.262282
1.264815
1.267280
1.269670
1.271978
1.274195
1.276316
1.278333
1.280242
1.282037
1.283714
1.285268
1.286697
1.287997
1.289167
1.290206
1.291114
1.291889
1.292535
1.293051
1.293441
1.293708
1.293856
1.293888
1.293811
1.293628
1.293347
1.292975
1.292518
1.291983
1.291378
1.290712
1.289993
1.289227
1.288426
1.287596
1.286746
1.285884
1.285020
1.284162
1.283316
1.282492
1.281696
1.280936
1.280218
1.279549
1.278934
1.278379
1.277889
1.277469
1.277122
1.276852
1.276662
1.276554
1.276530
1.276591
1.276738
1.276972
1.277291
1.277695
1.278183
1.278752
1.279400
1.280124
1.280921
1.281787
1.282717
1.283706
1.284750
1.285843
1.286978
1.288149
1.289349
1.290570
1.291806
1.293047
1.294286
1.295513
1.296720
1.297896
1.299033
1.300119
1.301143
1.302095
1.302964
1.303737
1.304402
1.304947
1.305358
1.305622
1.305726
1.305655
1.305395
1.304930
1.304246
1.303327
1.302157
1.300719
1.298996
1.296973
1.294631
1.291953
1.288923
1.285521
1.281729
1.277532
1.272910
1.267846
1.262323
1.256323
1.249831
1.242830
1.235303
1.227238
1.218619
1.209433
1.199669
1.189316
1.178365
1.166807
1.154637
1.141849
1.128442
1.114413
1.099766
1.084502
1.068628
1.052152
1.035084
1.017437
0.999227
0.980471
0.961190
0.941406
0.921146
0.900435
0.879305
0.857788
0.835916
0.813728
0.791260
0.768551
0.745644
0.722579
0.699398
0.676147
0.652869
0.629607
0.606407
0.583311
0.560364
0.537607
0.515083
0.492831
0.470890
0.449296
0.428086
0.407293
0.386946
0.367075
0.347705
0.328860
0.310562
0.292828
0.275674
0.259113
0.243155
0.227808
0.213076
0.198964
0.185470
0.172593
0.160328
0.148670
0.137610
0.127138
0.117242
0.107910
0.099127
0.090877
0.083144
0.075911
0.069159
0.062870
0.057024
0.051603
0.046587
0.041955
0.037689
0.033769
0.030175
0.026889
0.023893
0.021167
0.018695
0.016460
0.014445
0.012635
0.011013
0.009567
0.008281
0.007143
0.006140
0.005261
0.004495
0.003830
0.003258
0.002769
0.002355
0.002008
0.001719
0.001483
0.001294
0.001144
0.001030
0.000945
0.000886
0.000849
0.000829
0.000824
0.000831
0.000846
0.000867
0.000893
0.000920
0.000949
0.000977
0.001003
0.001025
0.001044
0.001058
0.001067
0.001070
0.001067
0.001058
0.001043
0.001022
0.000994
0.000961
0.000922
0.000877
0.000827
0.000772
0.000712
0.000649
0.000581
0.000511
0.000438
0.000363
0.000286
0.000208
0.000128
0.000049
-0.000030
-0.000108
-0.000186
-0.000262
-0.000336
-0.000408
-0.000477
-0.000543
-0.000606
-0.000666
-0.000721
-0.000773
-0.000820
-0.000862
-0.000900
-0.000933
-0.000961
-0.000984
-0.001001
-0.001013
-0.001020
-0.001022
-0.001018
-0.001008
-0.000994
-0.000974
-0.000949
-0.000919
-0.000885
-0.000845
-0.000801
-0.000753
-0.000700
-0.000644
-0.000584
-0.000520
-0.000454
-0.000385
-0.000314
-0.000241
-0.000166
-0.000090
-0.000013
0.000065
0.000142
0.000218
0.000294
0.000369
0.000441
0.000512
0.000579
0.000644
0.000705
0.000762
0.000815
0.000863
0.000906
0.000944
0.000976
0.001003
0.001023
0.001038
0.001046
0.001049
0.001044
0.001034
0.001018
0.000996
0.000968
0.000936
0.000898
0.000856
0.000809
0.000760
0.000708
0.000654
0.000598
0.000542
0.000487
0.000433
0.000381
0.000333
0.000289
0.000251
0.000220
0.000196
0.000181
0.000177
0.000183
0.000202
0.000235
0.000282
0.000344
0.000424
0.000521
0.000636
0.000771
0.000926
0.001101
0.001297
0.001515
0.001755
0.002017
0.002301
0.002608
0.002936
0.003286
0.003656
0.004047
0.004458
0.004887
0.005334
0.005798
0.006276
0.006768
0.007271
0.007785
0.008306
0.008834
0.009366
0.009900
0.010433
0.010963
0.011488
0.012005
0.012512
0.013006
0.013486
0.013948
0.014389
0.014809
0.015204
0.015573
0.015913
0.016222
0.016500
0.016743
0.016952
0.017125
0.017261
0.017359
0.017419
0.017440
0.017423
0.017368
0.017275
0.017145
0.016980
0.016779
0.016545
0.016280
0.015984
0.015660
0.015309
0.014935
0.014538
