0.000000
0.012469
-20363404.114005
222791201.682951
7.464967
-17156397158.815823
71810171254.775024
-3632316951.765615
113373232.545334
-48949528.274645
24.673351
42639880.329843
-1389024.757915
-90492207.759689
14052202577.276865
-53891592.356414
-1.974854
-172896.095040
8259290148.069185
-13149833287.709194
8180163.040009
2541.000504
-13428550.013052
149684832.777158
-55752968.272112
2.732851
508.765810
123473168.539364
-146204558544.623474
19382153409.295105
193374.032489
-1524236553.070945
-30081.511873
48495026075.175781
-268535873.935538
-13600180265.428665
2870518236412.143555
-167450804977.091064
3086.375500
10268219453.248276
-76129518115.550385
130638128.593887
181827617.021959
-6089917468.597496
-0.000001
33538820.129130
2507391501.598852
-11894389810897.023438
3088151231576.388672
660.882938
-63290433854.759735
1250390281.972835
-36251544.227601
35059425435.075256
-100663968056.221191
7390561.026676
-26642.511858
258052752419.667358
-3339033518117.476562
9.455816
1130342129637.356445
-76372752.299353
-6153353332700.082031
14756167605637.914062
0.001024
-3321777110170.285156
382033003718.484375
-6063746.986498
11.468996
-9.584723
-14133.127012
0.176209
123645232.605983
-202506785.184127
0.061934
-8705.255922
11303962696.118462
-55802264.254098
-494807353131.741455
51762467963259.437500
-787514265392.187988
-15529605.997994
58642620623.449585
-31410524237.619019
109067387102.207275
-47048188040.014893
-91617.015908
340555663324.343750
-3813605904.939152
-782268800.660328
62920984.265207
191594529741.376587
-8924273095383.578125
7645449236.314232
1656636168.357582
-3601211922.837224
-0.014846
1273936.756550
0.002331
-193830.032259
312202.188783
-970212.378508
0.002682
1998369539.351105
-113335615914.631226
2211857936.003969
29166.011789
-17085188.146185
-19517.761790
244087393.321255
-3338784.521717
-0.000118
206.519624
-906592.128128
2519736844.353153
-5657150471.763641
0.001770
2094400259.543766
-14257282.075736
-159533665.059619
130194480.407669
47930248.214260
-393668673.841965
-2569872912.099299
2701995292060.955078
-258048033.071570
-480358499799.038574
1821417154300.018066
1418.844000
-324583098653.385986
5830085670.849304
183431.032130
-1174720.756002
0.034992
-1518432.757052
3050592.497372
665479553.013765
-304027338475.752686
8133539.016658
386123630538.058350
-1322407698335.553711
0.016474
23779848349.040489
-347.812563
-148049593091.032349
154330825310.756104
-192017.032086
-212723.094483
-106612016.286261
406252488435.447754
-531381683292.732422
779975044.665899
807636.129123
-855722115.340592
3765633.516572
2846065.510222
-1743106313.747067
152918113.094844
-0.014084
-2619345.508784
7458977.023873
-7901889.017809
642326916.185971
-48288964806.122406
104709767604.701172
-329811137.650109
-108152880.401292
135574864438.846100
-59483709714.448425
54419464.232869
-2.895326
1589056.752296
-4148888073.111923
13470713852.596680
-109280560.006929
-520.719119
474831937.386551
-9965144133.800579
910324101.477513
0.000000
-4617096212.466339
31441760229.454590
-71769392.501188
-786428.129240
41457560.149624
-0.001796
-70021.016016
-4172.440459
194481697.117786
-40900120.253676
-25.469738
38704904.214532
-7055587.002614
-0.000037
31815180.107041
-87700240.532582
0.005566
225249376.549816
-170859040.577279
-58.646492
29996428.064834
0.037964
-217258080.958547
6043105.025103
1997024.255646
-1102832392.180597
395432001.532696
-390462.063613
-52064536.193336
152026514102.593262
-287974294752.986816
303582399.721436
-241499.032164
100336058912.996002
-8878379032294.382812
51110895620.015869
17680478245.214294
-507665515620.254395
-0.000029
55557890265.490753
-28837644.041345
-1726399234.140812
1064102273.403940
-0.274658
-11.594732
-0.048817
-956380.378473
10440450.061203
52579095.914578
-124834726334.339478
8586118160.501534
-0.010265
4163680.499411
-356238166046.793945
399784347715.375366
-9874.380905
-911564930.755552
61067.523669
33934984.240495
-3851.095227
-945756.128385
-33449.523681
28541685853.715302
-25767088201.947388
297760.188086
266.468935
218905.032051
-79407.015939
-721578371.538125
161950760950.074219
-2083778818.158020
-243579.032190
14792.505930
4325016603.540142
-24933404774.872498
-155000.094534
428083970574.587891
-110557577423.648193
103408.016175
677.750371
19753604.103335
-579000451.087643
1961024.752082
-999920.379207
10823600208.251541
-105033941560.065277
3222118924.531282
-14655.255902
509456.064167
-19677327407.893616
1377217290710.288574
-2198918670525.400635
35748012328.278809
-593.179812
-342090.188438
-56090504.254338
108887458339.630646
-1538699523.274387
-686471299.442046
23893028928.461975
37210.523640
-73424191841.270752
393441345.567773
98139184.455280
-66801160.098763
-201824351.889446
81742545333.707214
-8312704029.801590
587.398805
204639265.001016
-44462465208.071594
104889762237.517029
-1119793416.146634
-7.262210
4719299.009653
-10811.755827
0.056816
-26.782726
-0.056061
3648624.511907
-75278384.136264
445668.188571
1781880.252353
-37849735369.952148
1050682986482.566895
-85523972361.240234
-503.656313
177586930869.423401
-369454811155.288330
437223616.830576
6651.000994
-6981891.030260
1323.234627
1500392.756697
-755855490.612479
652190081.736801
-1958744.752916
6918.876000
-30947724.070663
1227047684.696054
-457155649.611348
66490648.163744
-181541408.665768
63177240.240197
33.483406
-342819010.082417
96819728.400011
-25066.511716
7473859.017314
-7139918870.203682
2900403721.348042
-118112.015746
3.984009
-122241072.261093
2055966982.076491
-15239.755894
-201451104.753712
474249282.113002
-2217.720231
-401148.064061
1661024.755390
-2076920.254807
50813320.155267
-206775393.074443
213505569.046736
-408427712.745497
2108781314.720226
-869155203.212037
162603.032267
335710.189025
-40676.023578
-812880.127780
55012760.134853
-858.414188
-560.633182
-75210.016016
7845121.000553
956500.376620
-41519095625.652344
8239270922.320892
2454.562998
-13684997.985760
-18039052.103714
9309734963.673553
-29988.503966
-215407200.931103
859064.128282
5709347.016800
-2003.562748
-786729346.729069
4697146389.443047
-4220.502950
-1255544.256222
88.919968
11951.001991
-2.794556
-0.005111
-359262.187589
154559520.652824
-54521240.112568
111252.047144
-440670.063960
864553342.784775
-24164446308.631073
2822382092.383110
-0.000000
-358997185.051179
96202032.130608
0.003061
-356964.189077
1142.515872
-673844.126971
3761399309.182556
-9301428284.611702
60587.523633
1229384.753783
14.512209
-166748256.829237
950.187622
1359757567.041077
-720822402.141706
-97577.047209
176446496.566456
290.093934
-492243009.668659
1658.563238
1616380673.613274
-969023619.047635
-968916.376968
50320990338.826477
-29094121555.996918
10743046.015382
0.002629
277.140688
-605364.379134
-0.000762
151985759.621353
-236643936.787775
-0.236633
392669249.725668
-119695664.505685
25.979984
0.947296
100048.047257
-30856708.091498
60316824.074539
-172860000.674712
243473440.940161
-140243.094524
-45229208.144931
5721392155.913490
-260312159.837248
35.237328
142966.032042
-254083.031743
118416.047217
-1392576.753265
163865120.766051
-8275315697.373413
17965723728.349152
-616198268.661926
0.000000
61541384.026986
-21447052.104614
-0.803772
9537474.011163
-451968.188261
-339.492371
807120.125999
-11139.626961
0.373352
-6325.690449
3111264.506183
-1654192.254971
112.443406
1238.609617
-366798.063664
510188.188479
-186.269562
-134.371185
-3079.125494
5497670676.208977
-50096316623.777557
25430412.090043
213920864.543421
-122372368.454275
-106660656.201592
55205716210.553070
-233784353.005011
-630324.376245
4992035.017076
4.195560
-966.820437
-26589.761758
589088.375431
-1899.360111
64329.007996
-26304012.001361
1736136.754970
2.910706
-76.593766
-5618307.015659
551526784.245041
-951732.127089
-1463408.755258
15284482.042261
175.246125
-86126128.536330
772224.129624
66261.047367
-21803.253958
-14298310.031356
501235777.509684
0.000302
-7458573343.372334
1797398792.251052
17007.761809
-682885500.662537
21148.761587
53491720.070552
-62374424.138465
39078.008016
-369914.189337
125114128.334761
-83228688.280191
17765.011790
0.000603
-2.264710
128591.015764
-92943408.485220
403909697.602930
-19461892.101592
0.000000
0.000000
0.000000
0.000000
0.000000
0.000000
0.000000
0.000000
0.000000
0.000000
0.000000
0.000000
0.000000
0.000000
0.000000
0.000000
0.000000
0.000000
0.000000
0.000000
0.000000
0.000000
0.000000
0.000000
0.000000
0.000000
0.000000
0.000000
0.000000
0.000000
0.000000
0.000000
0.000000
0.000000
0.000000
0.000000
0.000000
0.000000
0.000000
0.000000
0.000000
0.000000
0.000000
0.000000
0.000000
0.000000
0.000000
0.000000
0.000000
0.000000
0.000000
0.000000
0.000000
0.000000
0.000000
0.000000
0.000000
0.000000
0.000000
0.000000
0.000000
0.000000
0.000000
0.000000
0.000000
0.000000
0.000000
0.000000
0.000000
0.000000
0.000000
0.000000
0.000000
0.000000
0.000000
0.000000
0.000000
0.000000
0.000000
0.000000
0.000000
0.000000
0.000000
0.000000
0.000000
0.000000
0.000000
0.000000
0.000000
0.000000
0.000000
0.000000
0.000000
0.000000
0.000000
0.000000
0.000000
0.000000
0.000000
0.000000
0.000000
0.000000
0.000000
0.000000
0.000000
0.000000
0.000000
0.000000
0.000000
0.000000
0.000000
0.000000
0.000000
0.000000
0.000000
0.000000
0.000000
0.000000
0.000000
0.000000
0.000000
0.000000
0.000000
0.000000
0.000000
0.000000
0.000000
0.000000
0.000000
0.000000
0.000000
0.000000
0.000000
0.000000
0.000000
0.000000
0.000000
0.000000
0.000000
0.000000
0.000000
0.000000
0.000000
0.000000
0.000000
0.000000
0.000000
0.000000
0.000000
0.000000
0.000000
0.000000
0.000000
0.000000
0.000000
0.000000
0.000000
0.000000
0.000000
0.000000
0.000000
0.000000
0.000000
0.000000
0.000000
0.000000
0.000000
0.000000
0.000000
0.000000
0.000000
0.000000
0.000000
0.000000
0.000000
0.000000
0.000000
0.000000
0.000000
0.000000
0.000000
0.000000
0.000000
0.000000
0.000000
0.000000
0.000000
0.000000
0.000000
0.000000
0.000000
0.000000
0.000000
0.000000
0.000000
0.000000
0.000000
0.000000
0.000000
0.000000
0.000000
0.000000
0.000000
0.000000
0.000000
0.000000
0.000000
0.000000
0.000000
0.000000
0.000000
0.000000
0.000000
0.000000
0.000000
0.000000
0.000000
0.000000
0.000000
0.000000
0.000000
0.000000
0.000000
0.000000
0.000000
0.000000
0.000000
0.000000
0.000000
0.000000
0.000000
0.000000
0.000000
0.000000
0.000000
0.000000
0.000000
0.000000
0.000000
0.000000
0.000000
0.000000
0.000000
0.000000
0.000000
0.000000
0.000000
0.000000
0.000000
0.000000
0.000000
0.000000
0.000000
0.000000
0.000000
0.000000
0.000000
0.000000
0.000000
0.000000
0.000000
0.000000
0.000000
0.000000
0.000000
0.000000
0.000000
0.000000
0.000000
0.000000
0.000000
0.000000
0.000000
0.000000
0.000000
0.000000
0.000000
0.000000
0.000000
0.000000
0.000000
0.000000
0.000000
0.000000
0.000000
0.000000
0.000000
0.000000
0.000000
0.000000
0.000000
0.000000
0.000000
0.000000
0.000000
0.000000
0.000000
0.000000
0.000000
0.000000
0.000000
0.000000
0.000000
0.000000
0.000000
0.000000
0.000000
0.000000
0.000000
0.000000
0.000000
0.000000
0.000000
0.000000
0.000000
0.000000
0.000000
0.000000
0.000000
0.000000
0.000000
0.000000
0.000000
0.000000
0.000000
0.000000
0.000000
0.000000
0.000000
0.000000
0.000000
0.000000
0.000000
0.000000
0.000000
0.000000
0.000000
0.000000
0.000000
0.000000
0.000000
0.000000
0.000000
0.000000
0.000000
0.000000
0.000000
0.000000
0.000000
0.000000
0.000000
0.000000
0.000000
0.000000
0.000000
0.000000
0.000000
0.000000
0.000000
0.000000
0.000000
0.000000
0.000000
0.000000
0.000000
0.000000
0.000000
0.000000
0.000000
0.000000
0.000000
0.000000
0.000000
0.000000
0.000000
0.000000
0.000000
0.000000
0.000000
0.000000
0.000000
0.000000
0.000000
0.000000
0.000000
0.000000
0.000000
0.000000
0.000000
0.000000
0.000000
0.000000
0.000000
0.000000
0.000000
0.000000
0.000000
0.000000
0.000000
0.000000
0.000000
0.000000
0.000000
0.000000
0.000000
0.000000
0.000000
0.000000
0.000000
0.000000
0.000000
0.000000
0.000000
0.000000
0.000000
0.000000
0.000000
0.000000
0.000000
0.000000
0.000000
0.000000
0.000000
0.000000
0.000000
0.000000
0.000000
0.000000
0.000000
0.000000
0.000000
0.000000
0.000000
0.000000
0.000000
0.000000
0.000000
0.000000
0.000000
0.000000
0.000000
0.000000
0.000000
0.000000
0.000000
0.000000
0.000000
0.000000
0.000000
0.000000
0.000000
0.000000
0.000000
0.000000
0.000000
0.000000
0.000000
0.000000
0.000000
0.000000
0.000000
0.000000
0.000000
0.000000
0.000000
0.000000
0.000000
0.000000
0.000000
0.000000
0.000000
0.000000
0.000000
0.000000
0.000000
0.000000
0.000000
0.000000
0.000000
0.000000
0.000000
0.000000
0.000000
0.000000
0.000000
0.000000
0.000000
0.000000
0.000000
0.000000
0.000000
0.000000
0.000000
0.000000
0.000000
0.000000
0.000000
0.000000
0.000000
0.000000
0.000000
0.000000
0.000000
0.000000
0.000000
0.000000
0.000000
0.000000
0.000000
0.000000
0.000000
0.000000
