0.005645
0.000691
0.009759
0.003078
0.013875
0.006848
0.017992
0.010620
0.022112
0.014393
0.026235
0.018169
0.030363
0.021949
0.034494
0.025732
0.038631
0.029520
0.042774
0.033313
0.046923
0.037111
0.051080
0.040916
0.055244
0.044727
0.059417
0.048546
0.063598
0.052373
0.067790
0.056209
0.071992
0.060053
0.076206
0.063908
0.080431
0.067774
0.084669
0.071651
0.088921
0.075539
0.093186
0.079441
0.097467
0.083355
0.101763
0.087284
0.106075
0.091227
0.110405
0.095186
0.114753
0.099161
0.119119
0.103153
0.123505
0.107162
0.127912
0.111190
0.132340
0.115237
0.136790
0.119305
0.141264
0.123393
0.145762
0.127503
0.150284
0.131636
0.154833
0.135792
0.159409
0.139973
0.164013
0.144179
0.168646
0.148411
0.173309
0.152671
0.178003
0.156960
0.182730
0.161278
0.187491
0.165626
0.192286
0.170006
0.197118
0.174419
0.201986
0.178866
0.206894
0.183348
0.211842
0.187867
0.216831
0.192424
0.221862
0.197020
0.226939
0.201656
0.232061
0.206335
0.237231
0.211057
0.242450
0.215825
0.247721
0.220639
0.253044
0.225502
0.258422
0.230415
0.263856
0.235380
0.269349
0.240399
0.274903
0.245475
0.280520
0.250608
0.286202
0.255802
0.291952
0.261058
0.297772
0.266379
0.303665
0.271767
0.309633
0.277225
0.315679
0.282756
0.321807
0.288362
0.328019
0.294047
0.334319
0.299814
0.340709
0.305665
0.347194
0.311605
0.353778
0.317637
0.360464
0.323765
0.367257
0.329993
0.374160
0.336325
0.381180
0.342766
0.388320
0.349321
0.395585
0.355994
0.402983
0.362792
0.410517
0.369721
0.418194
0.376785
0.426022
0.383992
0.434007
0.391350
0.442156
0.398865
0.450477
0.406545
0.458980
0.414399
0.467673
0.422437
0.476566
0.430669
0.485669
0.439105
0.494994
0.447756
0.504552
0.456637
0.514358
0.465760
0.524425
0.475140
0.534769
0.484793
0.545406
0.494739
0.556354
0.504995
0.567634
0.515583
0.579267
0.526528
0.591276
0.537855
0.603689
0.549594
0.616533
0.561776
0.629842
0.574438
0.643650
0.587622
0.657996
0.601372
0.672926
0.615741
0.688489
0.630789
0.704742
0.646583
0.721747
0.663203
0.739579
0.680739
0.758320
0.699300
0.778067
0.719012
0.798933
0.740026
0.821049
0.762526
0.844573
0.786733
0.869690
0.812925
0.896626
0.841451
0.925659
0.872757
0.957132
0.907434
0.991482
0.946278
1.029273
0.990407
1.071256
1.041458
1.118460
1.101973
1.172366
1.176239
1.235234
1.272374
1.310853
1.408890
1.406633
1.645011
1.542269
2.445873
2.374868
1.026430
1.730476
1.252222
2.012573
2.407223
2.618510
0.622094
2.222961
1.906919
3.456547
2.928514
3.272196
4.149219
3.623635
3.319024
1.597813
0.380262
0.819628
0.470803
0.878564
1.654170
3.398600
3.383212
1.811037
0.357147
0.660359
0.525614
1.672287
0.728176
2.908366
3.760942
2.436876
0.981261
1.359381
1.310924
1.177220
1.430938
2.080397
3.557587
1.471576
0.870769
0.378540
1.173838
1.175833
2.137920
2.809155
2.829629
1.795974
0.943868
1.607441
2.063561
1.444123
0.587631
0.965890
0.397798
0.560404
0.187941
1.364650
1.730569
0.327685
0.840362
1.006072
0.876007
1.302162
2.386990
2.284684
1.261793
0.211329
1.265389
1.244687
0.425172
1.357588
1.317469
2.371329
1.434289
2.771569
2.637992
2.453227
5.736043
5.514368
5.768107
4.306763
1.988520
1.636607
1.011977
1.560653
2.033290
2.171187
1.455769
0.903048
0.375028
0.475534
0.213206
0.599229
0.058978
0.799858
0.267266
1.209481
1.129688
0.634598
1.438955
0.735130
1.954901
1.180431
0.780806
0.960007
0.756221
0.595392
0.563925
0.187045
0.716112
0.383858
0.867990
0.564454
1.073239
1.899949
1.216031
0.356474
1.355280
1.126925
0.749659
0.605396
0.433680
0.885610
1.057684
2.560949
2.807465
1.539051
0.306457
1.322079
0.546306
0.928356
1.130707
0.749307
0.481014
1.677456
1.826850
0.441464
0.573708
1.275387
1.126223
0.481030
0.821517
1.891797
2.295464
0.590070
0.935079
0.378153
0.752731
0.848688
2.127391
0.936377
0.928312
0.935916
1.122773
0.844693
0.201269
0.236676
0.717459
1.305809
1.722201
0.757162
0.720894
0.986954
0.615943
1.151486
1.887361
1.192451
0.187249
0.204264
0.652202
0.766583
0.719907
1.297136
0.563122
0.827375
1.010961
2.349064
3.611561
2.837205
1.029694
0.900545
1.824162
1.910147
1.373289
0.911773
1.499930
0.460207
2.337160
2.468856
2.640990
1.068605
1.160321
0.973670
0.609247
0.956657
1.123295
0.512277
0.620192
0.537645
1.452290
1.569218
1.846860
0.842518
2.487763
1.802230
1.419624
2.959828
2.336181
1.747574
0.100310
1.330774
0.587995
0.790926
0.369007
1.821107
2.567058
1.547454
0.658786
2.189957
2.302079
1.500171
2.030415
2.440051
1.806244
0.969400
1.630149
3.632885
3.027052
2.149590
1.812585
1.382666
0.845289
0.419948
0.260319
1.795941
2.254133
0.947635
0.762362
1.398883
0.686280
1.379454
2.246766
1.222020
0.860764
0.732082
2.432070
2.020278
0.139893
0.608230
0.682456
1.509700
1.053154
0.016211
0.980043
1.325301
0.273944
1.571324
2.318516
1.428126
0.355065
0.435218
1.221611
1.187263
0.425136
1.031730
1.290998
0.006691
1.190111
0.811093
0.748040
0.576137
0.750092
0.477699
0.493537
1.413447
1.502344
0.199973
0.916294
0.699251
2.401142
2.436776
1.580145
0.277684
1.497064
1.423165
0.791216
0.257547
1.144380
0.753961
1.689161
1.738075
0.772235
2.311715
2.056988
1.893113
0.254451
1.761112
2.633834
2.530180
0.769616
1.197581
1.518663
1.171512
1.326720
2.324137
1.840140
0.479156
0.939122
1.262359
0.584933
1.345964
0.537039
1.468013
2.132918
1.421966
1.408051
0.699558
0.632817
0.414444
0.569658
1.142233
0.990000
0.561624
0.953579
1.123095
1.405018
0.583019
0.971719
1.334210
0.850465
0.209573
1.322012
1.334606
1.106951
2.431491
1.015874
1.986495
3.074491
2.109731
0.388045
0.822056
0.111776
0.976036
0.311271
0.401699
0.730090
1.951446
1.363940
0.404570
0.375458
0.771597
0.394028
0.668566
0.271851
1.325693
0.754898
1.578660
3.087188
3.440547
2.536534
2.068539
2.463764
1.889287
1.497748
0.952594
1.997782
1.172465
0.915116
0.931556
0.316544
0.370383
1.157596
1.446790
1.767245
2.445575
2.076828
0.295797
1.496978
1.517915
1.384774
0.743229
0.202799
0.365671
1.748385
2.514298
2.805284
2.574657
1.476047
1.572270
2.053017
1.502603
0.749792
2.071933
1.095653
1.138616
1.578014
0.266346
0.745369
0.298888
0.277252
0.984248
2.257494
1.664749
1.326139
2.509286
1.765116
0.558018
0.103101
1.465903
1.805001
0.516825
1.124979
1.060150
0.410584
1.245890
0.305302
0.941335
0.473868
0.699639
0.212657
1.330592
1.547395
1.795572
2.137305
2.813437
2.975066
0.773561
1.542754
2.025710
0.858908
1.048989
1.753399
2.251414
2.351950
1.528202
1.645826
0.605715
1.345620
1.329228
1.425011
1.102138
2.695879
1.639679
2.243845
0.703074
1.870436
1.629612
2.400047
2.043597
0.698493
1.033172
0.939229
1.689183
1.218166
1.058597
0.539359
0.417810
1.310369
1.291648
0.610624
1.587741
1.103522
0.641652
0.935202
2.380911
2.312170
0.863507
1.615642
2.505817
2.024509
1.642753
1.743418
2.922547
2.038963
0.439873
2.287826
2.409828
1.352421
2.018256
1.365903
1.206573
1.857857
0.290177
1.504264
0.673813
0.815632
0.937267
1.825393
0.781139
2.808187
3.190141
1.990194
1.704848
1.580491
1.079192
1.310055
0.676508
1.501583
2.161663
2.234280
1.865119
0.935557
0.844100
1.393078
3.135699
3.013835
2.469381
1.326571
1.933588
2.333782
1.945518
1.592902
1.539255
1.375743
1.378393
1.247195
1.272522
1.156192
1.192549
1.085855
1.127993
1.028561
1.073761
0.980231
1.026960
0.938433
0.985778
0.901604
0.948999
0.868681
0.915765
0.838907
0.885448
0.811728
0.857576
0.786721
0.831780
0.763562
0.807771
0.741991
0.785315
0.721801
0.764222
0.702823
0.744335
0.684917
0.725521
0.667966
0.707669
0.651870
0.690683
0.636546
0.674483
0.621919
0.658997
0.607929
0.644163
0.594519
0.629928
0.581643
0.616243
0.569256
0.603065
0.557322
0.590358
0.545807
0.578087
0.534682
0.566222
0.523919
0.554735
0.513493
0.543602
0.503384
0.532801
0.493571
0.522310
0.484036
0.512112
0.474763
0.502189
0.465735
0.492525
0.456940
0.483105
0.448364
0.473918
0.439996
0.464950
0.431824
0.456189
0.423839
0.447626
0.416030
0.439250
0.408390
0.431052
0.400911
0.423024
0.393584
0.415158
0.386402
0.407446
0.379359
0.399882
0.372449
0.392458
0.365665
0.385168
0.359002
0.378007
0.352456
0.370970
0.346021
0.364050
0.339692
0.357243
0.333465
0.350545
0.327336
0.343952
0.321302
0.337458
0.315357
0.331060
0.309500
0.324755
0.303726
0.318538
0.298033
0.312407
0.292417
0.306359
0.286876
0.300389
0.281406
0.294496
0.276005
0.288676
0.270671
0.282927
0.265402
0.277246
0.260194
0.271631
0.255046
0.266079
0.249956
0.260588
0.244921
0.255157
0.239940
0.249783
0.235011
0.244463
0.230132
0.239197
0.225301
0.233982
0.220517
0.228817
0.215778
0.223699
0.211082
0.218627
0.206429
0.213600
0.201816
0.208616
0.197243
0.203674
0.192708
0.198772
0.188209
0.193908
0.183746
0.189082
0.179316
0.184292
0.174920
0.179537
0.170556
0.174815
0.166223
0.170126
0.161919
0.165468
0.157644
0.160840
0.153396
0.156241
0.149175
0.151671
0.144980
0.147127
0.140810
0.142609
0.136664
0.138116
0.132540
0.133647
0.128439
0.129202
0.124359
0.124778
0.120299
0.120376
0.116259
0.115994
0.112237
0.111632
0.108234
0.107288
0.104248
0.102962
0.100279
0.098653
0.096325
0.094361
0.092387
0.090084
0.088463
0.085822
0.084552
0.081574
0.080655
0.077339
0.076770
0.073116
0.072897
0.068906
0.069034
0.064706
0.065182
0.060517
0.061340
0.056337
0.057507
0.052167
0.053682
0.048005
0.049865
0.043850
0.046056
0.039703
0.042253
0.035562
0.038456
0.031426
0.034665
0.027295
0.030878
0.023169
0.027096
0.019047
0.023317
0.014928
0.019542
0.010811
0.015769
0.006696
0.011998
0.002582
0.008228
0.001532
0.004459
