-1.570796
1.570796
-1.570796
-1.570796
-1.570796
-1.570796
-1.570796
-1.570796
-1.570796
-1.570796
-1.570796
-1.570796
-1.570796
-1.570796
-1.570796
-1.570796
-1.570796
-1.570796
-1.570796
-1.570796
-1.570796
-1.570796
-1.570796
-1.570796
-1.570796
-1.570796
-1.570796
-1.570796
-1.570796
-1.570796
-1.570796
-1.570796
-1.570796
-1.570796
-1.570796
-1.570796
-1.570796
-1.570796
-1.570796
-1.570796
-1.570796
-1.570796
-1.570796
-1.570796
-1.570796
-1.570796
-1.570796
-1.570796
-1.570796
-1.570796
-1.570796
-1.570796
-1.570796
-1.570796
-1.570796
-1.570796
-1.570796
-1.570796
-1.570796
-1.570796
-1.570796
-1.570796
-1.570796
-1.570796
-1.570796
-1.570796
-1.570796
-1.570796
-1.570796
-1.570796
-1.570796
-1.570796
-1.570796
-1.570796
-1.570796
-1.570796
-1.570796
-1.570796
-1.570796
-1.570796
-1.570796
-1.570796
-1.570796
-1.570796
-1.570796
-1.570796
-1.570796
-1.570796
-1.570796
-1.570796
-1.570796
-1.570796
-1.570796
-1.570796
-1.570796
-1.570796
-1.570796
-1.570796
-1.570796
-1.570796
-1.570796
-1.570796
-1.570796
-1.570796
-1.570796
-1.570796
-1.570796
-1.570796
-1.570796
-1.570796
-1.570796
-1.570796
-1.570796
-1.570796
-1.570796
-1.570796
-1.570796
-1.570796
-1.570796
-1.570796
-1.570796
-1.570796
-1.570796
-1.570796
-1.570796
-1.570796
-1.570796
-1.570796
-1.570796
-1.570796
-1.570796
-1.570796
-1.570796
-1.570796
-1.570796
-1.570796
-1.570796
-1.570796
-1.570796
-1.570796
-1.570796
-1.570796
-1.570796
-1.570796
-1.570796
-1.570796
-1.570796
-1.570796
-1.570796
-1.570796
-1.570796
-1.570796
-1.570796
-1.570796
-1.570796
-1.570796
-1.570796
-1.570796
-1.570796
-1.570796
-1.570796
-1.570796
-1.570796
-1.570796
-1.570796
-1.570796
-1.570796
-1.570796
-1.570796
-1.570796
-1.570796
-1.570796
-1.570796
-1.570796
-1.570796
-1.570796
-1.570796
-1.570796
-1.570796
-1.570796
-1.570796
-1.570796
-1.570796
-1.570796
-1.570796
-1.570796
-1.570796
-1.570796
-1.570796
-1.570796
-1.570796
-1.570796
-1.570796
-1.570796
-1.570796
-1.570796
-1.570796
-1.570796
-1.570796
-1.570796
-1.570796
-1.570796
-1.570796
-1.570796
-1.570796
-1.570796
-1.570796
-1.570796
-1.570796
-1.570796
-1.570796
-1.570796
-1.570796
-1.570796
-1.570796
-1.570796
-1.570796
-1.570796
-1.570796
-1.570796
-1.570796
-1.570796
-1.570796
-1.570796
-1.570796
-1.570796
-1.570796
-1.570796
-1.570796
-1.570796
-1.570796
-1.570796
-1.570796
-1.570796
-1.570796
-1.570796
-1.570796
-1.570796
-1.570796
-1.570796
-1.570796
-1.570796
-1.570796
-1.570796
-1.570796
-1.570796
-1.570796
-1.570796
-1.570796
-1.570796
-1.570796
-1.570796
-1.570796
-1.570796
-1.570796
-1.570796
-0.889343
-1.197845
-1.240647
-1.420903
-1.477747
-1.335588
-0.775404
-0.925810
-1.486576
-1.373391
-1.296886
-0.792039
-1.030573
-0.542742
-0.197830
0.291548
0.945709
-0.181795
-0.421202
-0.652812
-1.356311
-1.570796
-0.988169
-0.101029
0.598758
1.019739
-0.968723
-1.570796
-1.228698
-1.031414
-1.506455
-0.563751
0.069626
0.308322
-0.812336
-0.054402
-1.074081
-0.415848
-1.104671
-0.051020
1.313831
-0.870753
-0.155103
-1.246534
-1.073441
-1.118162
-0.645486
-0.132124
0.356612
-0.137270
-0.374581
0.079912
0.681017
0.302247
0.253632
1.081413
-0.840127
-0.100210
-1.433334
-0.235058
0.963483
-1.346397
-0.979295
-0.875780
-1.426692
-0.893455
-0.189062
0.475202
-1.570796
-1.111478
-0.447757
-1.115402
-1.291702
-1.282964
-1.077937
-0.672511
-1.226696
-0.398811
-1.494497
-0.771005
-0.182355
0.234727
0.917416
0.971293
0.962711
0.392586
0.288885
0.403529
0.923679
1.310977
1.570796
1.048787
1.166646
-0.501057
0.359162
-1.570796
-0.362100
1.570796
-1.256424
0.116835
-1.570796
-0.428291
-0.702666
-0.295835
0.656596
-0.290945
0.228800
0.147668
0.341582
0.102004
0.022497
-0.670698
-0.227172
-0.868054
-0.110796
-1.395666
-0.482575
0.395866
-1.018579
-0.595508
0.093656
-0.066714
0.385380
-1.570796
-0.884787
-1.393063
-0.853738
0.042191
0.917874
-0.914492
-0.140859
0.816755
-0.921926
-0.124273
-0.059275
-0.680093
-0.675589
0.399522
1.570796
-1.238784
-0.747924
0.086760
-0.680132
-0.819106
-0.806642
0.212206
0.884320
0.013905
-0.148428
-0.112277
-1.348636
-0.258006
0.928407
-0.633849
0.044500
-0.037427
0.844455
-0.378842
-0.659822
-1.307112
-0.960856
-0.213825
0.736364
-1.025356
-0.325945
-0.425610
-0.863754
-0.135827
0.892751
-0.051797
0.414115
-1.570796
-0.749821
-1.308030
-0.765826
-0.086975
-1.570796
-1.384755
-1.491107
-0.681445
0.150891
0.757696
-1.142525
-0.609223
-0.205443
0.307229
-0.608738
0.072567
-1.570796
-0.766855
-0.175410
0.401496
1.394898
-0.257763
0.956769
-0.909849
-0.213241
0.048266
1.197129
-1.264514
-1.215563
-1.174199
-0.774176
-0.424449
-0.478245
-0.597335
0.591558
-1.438689
-0.324912
0.281893
0.873659
-1.570796
-0.181208
0.304228
-0.331008
-1.039375
-1.147537
-0.327071
0.562554
-1.570796
-0.818783
-0.225155
-0.074743
-0.400199
0.086296
0.371575
0.689440
-1.094098
-0.210153
0.525930
0.671433
0.903330
0.999197
1.347727
0.472187
-0.769382
-0.586325
0.421356
1.165096
-0.194471
0.360458
1.570796
-1.151982
0.049864
0.699573
0.517649
-0.697736
0.030053
1.191527
1.570796
0.396709
-0.605844
0.134907
1.009033
1.570796
-0.702510
0.157080
0.819464
-0.775546
0.254263
1.167103
1.570796
-1.126675
-0.406657
0.333143
0.495549
-0.436506
0.517447
-1.570796
-0.339989
0.397060
-0.011405
0.229783
-0.074859
0.671466
-1.570796
-0.847985
0.092061
0.362209
-0.615782
-1.300076
-0.794126
0.069037
0.594560
0.831971
-0.506664
0.403303
0.332071
0.758205
-0.858437
-0.125921
-0.844337
0.252458
-1.326214
-0.473879
0.003511
0.475637
0.745265
-0.732849
-0.109814
0.621551
1.325364
-0.357206
0.173043
0.291808
-0.163693
0.263408
1.037810
1.169877
-0.093854
0.476073
0.287086
0.234950
1.215145
-0.700857
0.267649
0.661553
0.844600
1.300198
0.481067
1.102685
-0.854592
-0.188564
0.334929
0.047381
-0.197782
-0.044434
0.371869
1.244285
-0.692330
0.194763
0.495968
0.468424
-0.785200
0.196261
-0.828853
0.020672
0.743206
-0.344201
0.551932
1.482044
1.570796
1.098479
-1.570796
0.291044
1.570796
-0.373557
-1.311780
-0.289970
0.815498
0.391264
0.088285
-0.247994
0.320238
-0.575171
-0.812246
-0.971300
-0.135376
-1.570796
-0.841568
-0.208602
0.289513
0.105783
0.425601
0.657007
0.896608
0.192553
0.569030
1.246141
0.613960
1.157670
1.570796
-1.570796
-0.868256
-0.440002
-0.310050
0.109340
0.888882
0.886429
-0.036474
0.530889
0.829571
1.570796
-0.397361
-1.570796
-1.128719
-0.467972
-0.015044
0.512417
0.707284
0.312787
0.609806
1.188181
0.069316
0.622754
1.570796
0.171119
1.207341
1.570796
0.718737
0.894837
0.830551
-1.570796
-0.424665
0.454175
-0.161021
0.464004
1.357296
1.570796
-1.570796
-0.466930
0.593839
1.200576
0.072958
1.013181
-0.425366
0.449762
1.570796
-0.116182
1.165143
-0.640441
0.496324
-1.285883
-0.562493
-0.586016
-0.275035
-0.077614
0.716270
1.570796
-0.246866
0.590235
1.570796
-1.006532
-0.284370
-0.081319
0.506221
0.542245
0.820690
0.386679
0.233882
0.174746
0.664292
-0.557952
0.240997
0.646300
0.722669
1.570796
0.022128
0.638066
0.541267
1.479164
0.638236
1.200397
-0.095058
0.684205
0.909639
1.209707
0.804589
0.462065
-0.045973
0.953174
-0.405966
0.341635
0.826000
1.275073
-1.369485
-0.340807
0.474262
0.863648
-0.387288
0.245025
0.589349
0.648777
0.264078
0.695374
1.570796
-0.554365
0.196110
0.901054
0.984745
0.865089
1.570796
0.376667
1.264051
0.870522
0.728955
1.289583
0.410128
-0.069732
0.397628
0.292365
0.047896
0.870046
1.185495
1.116596
1.207937
1.216904
0.963119
1.290733
0.086399
0.678431
0.944850
1.470367
1.159544
1.347408
-0.349234
0.463425
1.051382
1.418758
1.429362
0.951747
1.328040
1.570796
1.570796
1.570796
1.570796
1.570796
1.570796
1.570796
1.570796
1.570796
1.570796
1.570796
1.570796
1.570796
1.570796
1.570796
1.570796
1.570796
1.570796
1.570796
1.570796
1.570796
1.570796
1.570796
1.570796
1.570796
1.570796
1.570796
1.570796
1.570796
1.570796
1.570796
1.570796
1.570796
1.570796
1.570796
1.570796
1.570796
1.570796
1.570796
1.570796
1.570796
1.570796
1.570796
1.570796
1.570796
1.570796
1.570796
1.570796
1.570796
1.570796
1.570796
1.570796
1.570796
1.570796
1.570796
1.570796
1.570796
1.570796
1.570796
1.570796
1.570796
1.570796
1.570796
1.570796
1.570796
1.570796
1.570796
1.570796
1.570796
1.570796
1.570796
1.570796
1.570796
1.570796
1.570796
1.570796
1.570796
1.570796
1.570796
1.570796
1.570796
1.570796
1.570796
1.570796
1.570796
1.570796
1.570796
1.570796
1.570796
1.570796
1.570796
1.570796
1.570796
1.570796
1.570796
1.570796
1.570796
1.570796
1.570796
1.570796
1.570796
1.570796
1.570796
1.570796
1.570796
1.570796
1.570796
1.570796
1.570796
1.570796
1.570796
1.570796
1.570796
1.570796
1.570796
1.570796
1.570796
1.570796
1.570796
1.570796
1.570796
1.570796
1.570796
1.570796
1.570796
1.570796
1.570796
1.570796
1.570796
1.570796
1.570796
1.570796
1.570796
1.570796
1.570796
1.570796
1.570796
1.570796
1.570796
1.570796
1.570796
1.570796
1.570796
1.570796
1.570796
1.570796
1.570796
1.570796
1.570796
1.570796
1.570796
1.570796
1.570796
1.570796
1.570796
1.570796
1.570796
1.570796
1.570796
1.570796
1.570796
1.570796
1.570796
1.570796
1.570796
1.570796
1.570796
1.570796
1.570796
1.570796
1.570796
1.570796
1.570796
1.570796
1.570796
1.570796
1.570796
1.570796
1.570796
1.570796
1.570796
1.570796
1.570796
1.570796
1.570796
1.570796
1.570796
1.570796
1.570796
1.570796
1.570796
1.570796
1.570796
1.570796
1.570796
1.570796
1.570796
1.570796
1.570796
1.570796
1.570796
1.570796
1.570796
1.570796
1.570796
1.570796
1.570796
1.570796
1.570796
1.570796
1.570796
1.570796
1.570796
1.570796
1.570796
1.570796
1.570796
1.570796
1.570796
1.570796
1.570796
1.570796
1.570796
1.570796
1.570796
1.570796
1.570796
1.570796
1.570796
1.570796
1.570796
1.570796
1.570796
1.570796
1.570796
1.570796
1.570796
1.570796
1.570796
1.570796
1.570796
1.570796
1.570796
1.570796
1.570796
1.570796
1.570796
1.570796
1.570796
1.570796
1.570796
1.570796
1.570796
1.570796
-1.570796
1.570796
