512.000671386718750000000
-319.479248046875000000000
-13.185268402099609375000
110.835372924804687500000
19.552921295166015625000
-91.263290405273437500000
7.711719512939453125000
62.124923706054687500000
-21.802787780761718750000
-22.309097290039062500000
-8.568988800048828125000
40.879646301269531250000
-16.840579986572265625000
-0.269378662109375000000
-34.553730010986328125000
54.484149932861328125000
-8.167507171630859375000
-41.087116241455078125000
24.138370513916015625000
23.709194183349609375000
-35.876914978027343750000
16.505275726318359375000
-1.835311889648437500000
-8.869045257568359375000
21.660713195800781250000
-12.235782623291015625000
-19.548664093017578125000
21.038581848144531250000
29.038967132568359375000
-66.590209960937500000000
34.454048156738281250000
24.567558288574218750000
-34.156570434570312500000
-0.356155395507812500000
14.968608856201171875000
6.357166290283203125000
-20.984935760498046875000
7.767047882080078125000
9.309291839599609375000
-14.624137878417968750000
20.443798065185546875000
-28.017562866210937500000
17.405345916748046875000
12.597496032714843750000
-31.520885467529296875000
18.114383697509765625000
11.197704315185546875000
-25.704124450683593750000
14.172634124755859375000
11.562873840332031250000
-31.689933776855468750000
31.782680511474609375000
-13.132968902587890625000
-5.692203521728515625000
5.756912231445312500000
11.316043853759765625000
-24.886562347412109375000
18.229209899902343750000
4.036598205566406250000
-20.936256408691406250000
15.895923614501953125000
5.579292297363281250000
-19.929847717285156250000
11.690387725830078125000
7.459449768066406250000
-14.301338195800781250000
5.550659179687500000000
-0.317951202392578125000
10.166015625000000000000
-21.518352508544921875000
14.759933471679687500000
9.233894348144531250000
-29.565834045410156250000
27.784107208251953125000
-5.625637054443359375000
-17.467136383056640625000
24.118461608886718750000
-17.049121856689453125000
12.683460235595703125000
-16.092636108398437500000
14.376468658447265625000
-0.935806274414062500000
-9.931198120117187500000
5.702377319335937500000
3.471988677978515625000
-4.500930786132812500000
5.281871795654296875000
-15.442871093750000000000
19.756607055664062500000
-1.660327911376953125000
-19.893066406250000000000
14.418018341064453125000
7.177631378173828125000
-6.157115936279296875000
-18.860656738281250000000
27.348896026611328125000
-5.308948516845703125000
-10.828685760498046875000
-2.835853576660156250000
18.141967773437500000000
-6.507701873779296875000
-12.734069824218750000000
11.586765289306640625000
-3.351104736328125000000
10.664451599121093750000
-16.015876770019531250000
-5.214511871337890625000
26.846588134765625000000
-5.384735107421875000000
-41.120655059814453125000
49.905479431152343750000
-9.851306915283203125000
-21.409694671630859375000
9.622104644775390625000
8.706306457519531250000
1.970455169677734375000
-15.231151580810546875000
-3.543766021728515625000
29.553569793701171875000
-19.815628051757812500000
-10.090801239013671875000
11.425228118896484375000
13.471446990966796875000
-16.397197723388671875000
-10.806552886962890625000
20.580459594726562500000
7.679988861083984375000
-29.968891143798828125000
9.559581756591796875000
24.918312072753906250000
-29.698608398437500000000
12.832668304443359375000
-8.584709167480468750000
16.566841125488281250000
-12.883113861083984375000
0.663581848144531250000
-2.027530670166015625000
11.683635711669921875000
-4.529037475585937500000
-15.157161712646484375000
15.623256683349609375000
9.693908691406250000000
-30.520244598388671875000
25.940845489501953125000
-8.094760894775390625000
-5.480564117431640625000
11.400592803955078125000
-8.005844116210937500000
-5.160350799560546875000
11.803871154785156250000
4.724472045898437500000
-26.654376983642578125000
19.557243347167968750000
10.724739074707031250000
-19.878719329833984375000
-6.467056274414062500000
29.976539611816406250000
-22.070011138916015625000
4.875930786132812500000
-4.994777679443359375000
8.445480346679687500000
5.118289947509765625000
-18.975536346435546875000
8.765300750732421875000
11.293823242187500000000
-10.401744842529296875000
-9.682697296142578125000
22.855762481689453125000
-20.612106323242187500000
13.807189941406250000000
-6.531074523925781250000
-2.350597381591796875000
5.111923217773437500000
0.893646240234375000000
-1.055431365966796875000
-9.437889099121093750000
7.092407226562500000000
21.800579071044921875000
-47.280422210693359375000
36.142440795898437500000
-6.233169555664062500000
-0.585227966308593750000
-16.152122497558593750000
21.469032287597656250000
-5.575931549072265625000
-7.874595642089843750000
9.623668670654296875000
-14.733547210693359375000
23.538326263427734375000
-16.940944671630859375000
-3.434505462646484375000
11.460136413574218750000
-1.334583282470703125000
-2.189075469970703125000
-11.402614593505859375000
20.170520782470703125000
-9.322700500488281250000
-4.797061920166015625000
5.236465454101562500000
1.110630035400390625000
-4.298713684082031250000
8.668193817138671875000
-14.673503875732421875000
9.705207824707031250000
7.563804626464843750000
-17.444774627685546875000
8.523128509521484375000
5.119899749755859375000
-8.747032165527343750000
6.853019714355468750000
-5.757709503173828125000
-0.721435546875000000000
13.949035644531250000000
-20.124500274658203125000
11.862491607666015625000
-1.062747955322265625000
-2.325893402099609375000
4.783237457275390625000
-10.799751281738281250000
11.186344146728515625000
-2.646080017089843750000
-2.140811920166015625000
-2.807880401611328125000
5.527515411376953125000
-0.615776062011718750000
1.390140533447265625000
-12.452022552490234375000
15.336154937744140625000
-0.408313751220703125000
-11.896217346191406250000
4.250766754150390625000
6.767814636230468750000
0.924640655517578125000
-16.962310791015625000000
18.105480194091796875000
-8.111763000488281250000
7.022209167480468750000
-14.381675720214843750000
14.783416748046875000000
-9.644382476806640625000
11.731117248535156250000
-15.951778411865234375000
7.714412689208984375000
5.243423461914062500000
-2.402057647705078125000
-11.168758392333984375000
10.241905212402343750000
6.292648315429687500000
-12.304996490478515625000
0.980613708496093750000
2.158020019531250000000
14.804710388183593750000
-26.312713623046875000000
11.540142059326171875000
9.718124389648437500000
-9.685161590576171875000
-2.056983947753906250000
-3.244503021240234375000
24.046646118164062500000
-30.055015563964843750000
10.453872680664062500000
8.701145172119140625000
-2.131866455078125000000
-20.927089691162109375000
32.503082275390625000000
-23.008159637451171875000
9.062564849853515625000
-7.196083068847656250000
11.318901062011718750000
-2.993350982666015625000
-19.674129486083984375000
34.959384918212890625000
-26.069702148437500000000
6.865386962890625000000
-3.842720031738281250000
17.110607147216796875000
-20.453830718994140625000
3.274387359619140625000
11.536365509033203125000
-4.057746887207031250000
-10.517814636230468750000
7.039710998535156250000
9.084369659423828125000
-13.137916564941406250000
3.160404205322265625000
-0.778892517089843750000
11.356700897216796875000
-13.801589965820312500000
-2.239055633544921875000
16.065017700195312500000
-7.504474639892578125000
-11.844814300537109375000
17.173072814941406250000
-6.254261016845703125000
-2.471199035644531250000
-0.233306884765625000000
4.784160614013671875000
-1.373966217041015625000
-6.284534454345703125000
8.384986877441406250000
-2.180221557617187500000
-4.770877838134765625000
2.409194946289062500000
9.244018554687500000000
-15.895053863525390625000
4.288757324218750000000
17.728466033935546875000
-27.338962554931640625000
16.602760314941406250000
-3.322303771972656250000
4.902030944824218750000
-14.986358642578125000000
17.500709533691406250000
-11.430549621582031250000
6.449916839599609375000
-3.473602294921875000000
-2.986156463623046875000
8.912967681884765625000
-5.044818878173828125000
-5.392108917236328125000
9.781574249267578125000
-6.479640960693359375000
6.652286529541015625000
-14.745250701904296875000
21.424930572509765625000
-18.637344360351562500000
9.600681304931640625000
-0.951290130615234375000
-4.864582061767578125000
7.101840972900390625000
-5.348041534423828125000
1.993812561035156250000
0.705513000488281250000
-4.354972839355468750000
8.305965423583984375000
-5.077854156494140625000
-8.118782043457031250000
19.616062164306640625000
-17.917232513427734375000
9.575298309326171875000
-7.039592742919921875000
5.845344543457031250000
5.937076568603515625000
-20.764373779296875000000
18.991119384765625000000
-2.981986999511718750000
-2.720226287841796875000
-9.696292877197265625000
18.666709899902343750000
-8.993774414062500000000
-5.235118865966796875000
7.388744354248046875000
-4.630611419677734375000
9.571079254150390625000
-15.324504852294921875000
9.655403137207031250000
1.070732116699218750000
-3.317016601562500000000
0.143852233886718750000
-2.580223083496093750000
6.605094909667968750000
-0.544311523437500000000
-10.550765991210937500000
9.836776733398437500000
3.897018432617187500000
-13.795280456542968750000
10.887336730957031250000
-4.601444244384765625000
4.397151947021484375000
-6.916275024414062500000
6.721523284912109375000
-6.518642425537109375000
9.486423492431640625000
-11.010978698730468750000
5.828414916992187500000
2.204170227050781250000
-4.341697692871093750000
-1.183216094970703125000
6.445182800292968750000
-3.602172851562500000000
-4.810722351074218750000
7.957901000976562500000
-0.446193695068359375000
-9.157768249511718750000
8.766220092773437500000
0.192626953125000000000
-4.409435272216796875000
-2.089729309082031250000
10.114608764648437500000
-9.834224700927734375000
3.059570312500000000000
4.071403503417968750000
-10.365112304687500000000
14.305850982666015625000
-9.654781341552734375000
-3.873638153076171875000
13.926219940185546875000
-10.535594940185546875000
1.125801086425781250000
0.760269165039062500000
4.566825866699218750000
-6.937328338623046875000
5.063293457031250000000
-6.449588775634765625000
10.698551177978515625000
-8.367801666259765625000
-1.806636810302734375000
8.381080627441406250000
-4.061786651611328125000
-4.176654815673828125000
6.499614715576171875000
-1.984451293945312500000
-5.635719299316406250000
14.288124084472656250000
-19.724674224853515625000
14.727966308593750000000
-0.371353149414062500000
-9.208805084228515625000
2.840591430664062500000
11.610683441162109375000
-16.727676391601562500000
7.845829010009765625000
3.970973968505859375000
-9.017665863037109375000
7.711685180664062500000
-2.385257720947265625000
-6.795394897460937500000
14.085151672363281250000
-9.364387512207031250000
-5.275573730468750000000
11.913490295410156250000
-0.674495697021484375000
-13.114631652832031250000
9.964599609375000000000
4.071891784667968750000
-7.207145690917968750000
-3.343006134033203125000
8.513629913330078125000
-0.292919158935546875000
-6.043643951416015625000
0.103870391845703125000
5.532566070556640625000
1.431774139404296875000
-10.781082153320312500000
7.789577484130859375000
1.714420318603515625000
-3.116161346435546875000
-1.942924499511718750000
2.045364379882812500000
1.495182037353515625000
0.899711608886718750000
-6.235519409179687500000
3.165798187255859375000
6.180644989013671875000
-8.187274932861328125000
0.438564300537109375000
5.535285949707031250000
-4.016677856445312500000
1.181964874267578125000
-1.511791229248046875000
3.192687988281250000000
-6.104488372802734375000
9.972194671630859375000
-7.525440216064453125000
-4.694736480712890625000
13.073631286621093750000
-3.225467681884765625000
-14.319133758544921875000
16.320686340332031250000
-2.549312591552734375000
-4.742740631103515625000
-2.483482360839843750000
8.011402130126953125000
-2.574794769287109375000
-1.441474914550781250000
-4.270374298095703125000
8.098999023437500000000
-1.043560028076171875000
-6.179237365722656250000
2.595691680908203125000
4.469169616699218750000
-4.017299652099609375000
-1.245040893554687500000
4.557746887207031250000
-6.767978668212890625000
6.818870544433593750000
3.126502990722656250000
-20.650295257568359375000
27.761459350585937500000
-16.457054138183593750000
3.407634735107421875000
-4.027225494384765625000
8.154945373535156250000
0.514434814453125000000
-15.372333526611328125000
18.008415222167968750000
-7.848060607910156250000
-0.103908538818359375000
-0.052680969238281250000
2.257648468017578125000
-4.861774444580078125000
10.684772491455078125000
-14.095600128173828125000
6.712360382080078125000
4.966098785400390625000
-5.319652557373046875000
-5.598274230957031250000
9.652015686035156250000
2.282890319824218750000
-15.054050445556640625000
9.646873474121093750000
10.007575988769531250000
-20.943782806396484375000
10.007579803466796875000
9.646869659423828125000
-15.054050445556640625000
2.282886505126953125000
9.652015686035156250000
-5.598270416259765625000
-5.319652557373046875000
4.966098785400390625000
6.712360382080078125000
-14.095600128173828125000
10.684772491455078125000
-4.861774444580078125000
2.257644653320312500000
-0.052680969238281250000
-0.103908538818359375000
-7.848060607910156250000
18.008419036865234375000
-15.372333526611328125000
0.514434814453125000000
8.154945373535156250000
-4.027221679687500000000
3.407638549804687500000
-16.457050323486328125000
27.761459350585937500000
-20.650287628173828125000
3.126506805419921875000
6.818870544433593750000
-6.767978668212890625000
4.557746887207031250000
-1.245040893554687500000
-4.017299652099609375000
4.469169616699218750000
2.595695495605468750000
-6.179233551025390625000
-1.043563842773437500000
8.098999023437500000000
-4.270370483398437500000
-1.441474914550781250000
-2.574794769287109375000
8.011402130126953125000
-2.483482360839843750000
-4.742740631103515625000
-2.549312591552734375000
16.320686340332031250000
-14.319133758544921875000
-3.225467681884765625000
13.073627471923828125000
-4.694732666015625000000
-7.525436401367187500000
9.972198486328125000000
-6.104488372802734375000
3.192691802978515625000
-1.511787414550781250000
1.181964874267578125000
-4.016677856445312500000
5.535285949707031250000
0.438564300537109375000
-8.187274932861328125000
6.180648803710937500000
3.165802001953125000000
-6.235519409179687500000
0.899715423583984375000
1.495182037353515625000
2.045364379882812500000
-1.942924499511718750000
-3.116161346435546875000
1.714420318603515625000
7.789577484130859375000
-10.781082153320312500000
1.431774139404296875000
5.532566070556640625000
0.103874206542968750000
-6.043643951416015625000
-0.292922973632812500000
8.513633728027343750000
-3.343006134033203125000
-7.207145690917968750000
4.071895599365234375000
9.964599609375000000000
-13.114631652832031250000
-0.674491882324218750000
11.913494110107421875000
-5.275569915771484375000
-9.364383697509765625000
14.085151672363281250000
-6.795394897460937500000
-2.385257720947265625000
7.711685180664062500000
-9.017662048339843750000
3.970977783203125000000
7.845832824707031250000
-16.727676391601562500000
11.610683441162109375000
2.840591430664062500000
-9.208805084228515625000
-0.371353149414062500000
14.727966308593750000000
-19.724674224853515625000
14.288127899169921875000
-5.635719299316406250000
-1.984451293945312500000
6.499614715576171875000
-4.176654815673828125000
-4.061782836914062500000
8.381080627441406250000
-1.806636810302734375000
-8.367801666259765625000
10.698551177978515625000
-6.449588775634765625000
5.063293457031250000000
-6.937328338623046875000
4.566825866699218750000
0.760269165039062500000
1.125797271728515625000
-10.535594940185546875000
13.926219940185546875000
-3.873634338378906250000
-9.654781341552734375000
14.305854797363281250000
-10.365112304687500000000
4.071403503417968750000
3.059570312500000000000
-9.834224700927734375000
10.114608764648437500000
-2.089729309082031250000
-4.409431457519531250000
0.192626953125000000000
8.766220092773437500000
-9.157764434814453125000
-0.446193695068359375000
7.957901000976562500000
-4.810722351074218750000
-3.602172851562500000000
6.445186614990234375000
-1.183212280273437500000
-4.341697692871093750000
2.204174041748046875000
5.828414916992187500000
-11.010974884033203125000
9.486423492431640625000
-6.518642425537109375000
6.721523284912109375000
-6.916275024414062500000
4.397151947021484375000
-4.601444244384765625000
10.887336730957031250000
-13.795276641845703125000
3.897018432617187500000
9.836780548095703125000
-10.550762176513671875000
-0.544311523437500000000
6.605094909667968750000
-2.580223083496093750000
0.143852233886718750000
-3.317020416259765625000
1.070735931396484375000
9.655403137207031250000
-15.324504852294921875000
9.571079254150390625000
-4.630611419677734375000
7.388744354248046875000
-5.235118865966796875000
-8.993774414062500000000
18.666709899902343750000
-9.696289062500000000000
-2.720230102539062500000
-2.981986999511718750000
18.991119384765625000000
-20.764369964599609375000
5.937076568603515625000
5.845344543457031250000
-7.039592742919921875000
9.575298309326171875000
-17.917232513427734375000
19.616065979003906250000
-8.118785858154296875000
-5.077854156494140625000
8.305965423583984375000
-4.354972839355468750000
0.705513000488281250000
1.993812561035156250000
-5.348037719726562500000
7.101837158203125000000
-4.864582061767578125000
-0.951290130615234375000
9.600685119628906250000
-18.637344360351562500000
21.424930572509765625000
-14.745250701904296875000
6.652286529541015625000
-6.479640960693359375000
9.781570434570312500000
-5.392112731933593750000
-5.044818878173828125000
8.912967681884765625000
-2.986156463623046875000
-3.473606109619140625000
6.449916839599609375000
-11.430545806884765625000
17.500709533691406250000
-14.986358642578125000000
4.902030944824218750000
-3.322303771972656250000
16.602760314941406250000
-27.338962554931640625000
17.728466033935546875000
4.288757324218750000000
-15.895053863525390625000
9.244022369384765625000
2.409194946289062500000
-4.770877838134765625000
-2.180221557617187500000
8.384983062744140625000
-6.284534454345703125000
-1.373966217041015625000
4.784160614013671875000
-0.233306884765625000000
-2.471199035644531250000
-6.254257202148437500000
17.173076629638671875000
-11.844814300537109375000
-7.504478454589843750000
16.065017700195312500000
-2.239055633544921875000
-13.801589965820312500000
11.356700897216796875000
-0.778896331787109375000
3.160404205322265625000
-13.137920379638671875000
9.084365844726562500000
7.039710998535156250000
-10.517814636230468750000
-4.057746887207031250000
11.536365509033203125000
3.274387359619140625000
-20.453834533691406250000
17.110607147216796875000
-3.842723846435546875000
6.865390777587890625000
-26.069705963134765625000
34.959384918212890625000
-19.674129486083984375000
-2.993350982666015625000
11.318901062011718750000
-7.196083068847656250000
9.062564849853515625000
-23.008159637451171875000
32.503082275390625000000
-20.927089691162109375000
-2.131866455078125000000
8.701145172119140625000
10.453868865966796875000
-30.055019378662109375000
24.046646118164062500000
-3.244506835937500000000
-2.056983947753906250000
-9.685157775878906250000
9.718124389648437500000
11.540142059326171875000
-26.312709808349609375000
14.804710388183593750000
2.158020019531250000000
0.980613708496093750000
-12.304996490478515625000
6.292648315429687500000
10.241905212402343750000
-11.168762207031250000000
-2.402057647705078125000
5.243423461914062500000
7.714412689208984375000
-15.951778411865234375000
11.731117248535156250000
-9.644378662109375000000
14.783420562744140625000
-14.381675720214843750000
7.022212982177734375000
-8.111759185791015625000
18.105484008789062500000
-16.962310791015625000000
0.924640655517578125000
6.767810821533203125000
4.250766754150390625000
-11.896217346191406250000
-0.408313751220703125000
15.336158752441406250000
-12.452022552490234375000
1.390140533447265625000
-0.615776062011718750000
5.527511596679687500000
-2.807876586914062500000
-2.140808105468750000000
-2.646080017089843750000
11.186347961425781250000
-10.799751281738281250000
4.783241271972656250000
-2.325889587402343750000
-1.062747955322265625000
11.862495422363281250000
-20.124500274658203125000
13.949035644531250000000
-0.721431732177734375000
-5.757705688476562500000
6.853019714355468750000
-8.747028350830078125000
5.119899749755859375000
8.523128509521484375000
-17.444770812988281250000
7.563808441162109375000
9.705207824707031250000
-14.673503875732421875000
8.668193817138671875000
-4.298713684082031250000
1.110630035400390625000
5.236465454101562500000
-4.797061920166015625000
-9.322696685791015625000
20.170524597167968750000
-11.402610778808593750000
-2.189075469970703125000
-1.334583282470703125000
11.460136413574218750000
-3.434505462646484375000
-16.940944671630859375000
23.538326263427734375000
-14.733547210693359375000
9.623668670654296875000
-7.874591827392578125000
-5.575931549072265625000
21.469039916992187500000
-16.152118682861328125000
-0.585227966308593750000
-6.233165740966796875000
36.142440795898437500000
-47.280426025390625000000
21.800579071044921875000
7.092407226562500000000
-9.437885284423828125000
-1.055431365966796875000
0.893650054931640625000
5.111927032470703125000
-2.350593566894531250000
-6.531070709228515625000
13.807193756103515625000
-20.612106323242187500000
22.855762481689453125000
-9.682697296142578125000
-10.401744842529296875000
11.293827056884765625000
8.765300750732421875000
-18.975536346435546875000
5.118289947509765625000
8.445484161376953125000
-4.994773864746093750000
4.875934600830078125000
-22.070007324218750000000
29.976539611816406250000
-6.467056274414062500000
-19.878715515136718750000
10.724739074707031250000
19.557247161865234375000
-26.654373168945312500000
4.724475860595703125000
11.803874969482421875000
-5.160350799560546875000
-8.005840301513671875000
11.400596618652343750000
-5.480560302734375000000
-8.094760894775390625000
25.940849304199218750000
-30.520244598388671875000
9.693908691406250000000
15.623260498046875000000
-15.157161712646484375000
-4.529033660888671875000
11.683639526367187500000
-2.027530670166015625000
0.663585662841796875000
-12.883110046386718750000
16.566844940185546875000
-8.584705352783203125000
12.832672119140625000000
-29.698608398437500000000
24.918312072753906250000
9.559581756591796875000
-29.968887329101562500000
7.679992675781250000000
20.580463409423828125000
-10.806549072265625000000
-16.397193908691406250000
13.471450805664062500000
11.425231933593750000000
-10.090793609619140625000
-19.815624237060546875000
29.553573608398437500000
-3.543762207031250000000
-15.231147766113281250000
1.970458984375000000000
8.706310272216796875000
9.622108459472656250000
-21.409694671630859375000
-9.851303100585937500000
49.905487060546875000000
-41.120655059814453125000
-5.384731292724609375000
26.846591949462890625000
-5.214508056640625000000
-16.015869140625000000000
10.664455413818359375000
-3.351100921630859375000
11.586765289306640625000
-12.734066009521484375000
-6.507698059082031250000
18.141971588134765625000
-2.835853576660156250000
-10.828678131103515625000
-5.308944702148437500000
27.348899841308593750000
-18.860652923583984375000
-6.157112121582031250000
7.177635192871093750000
14.418025970458984375000
-19.893058776855468750000
-1.660324096679687500000
19.756607055664062500000
-15.442871093750000000000
5.281871795654296875000
-4.500926971435546875000
3.471992492675781250000
5.702381134033203125000
-9.931194305419921875000
-0.935802459716796875000
14.376472473144531250000
-16.092632293701171875000
12.683464050292968750000
-17.049118041992187500000
24.118461608886718750000
-17.467132568359375000000
-5.625637054443359375000
27.784111022949218750000
-29.565830230712890625000
9.233898162841796875000
14.759933471679687500000
-21.518348693847656250000
10.166019439697265625000
-0.317947387695312500000
5.550659179687500000000
-14.301338195800781250000
7.459449768066406250000
11.690383911132812500000
-19.929847717285156250000
5.579296112060546875000
15.895927429199218750000
-20.936252593994140625000
4.036602020263671875000
18.229213714599609375000
-24.886562347412109375000
11.316043853759765625000
5.756916046142578125000
-5.692199707031250000000
-13.132968902587890625000
31.782684326171875000000
-31.689929962158203125000
11.562881469726562500000
14.172637939453125000000
-25.704120635986328125000
11.197708129882812500000
18.114387512207031250000
-31.520881652832031250000
12.597499847412109375000
17.405349731445312500000
-28.017555236816406250000
20.443801879882812500000
-14.624130249023437500000
9.309299468994140625000
7.767055511474609375000
-20.984931945800781250000
6.357173919677734375000
14.968612670898437500000
-0.356155395507812500000
-34.156570434570312500000
24.567562103271484375000
34.454055786132812500000
-66.590194702148437500000
29.038974761962890625000
21.038589477539062500000
-19.548656463623046875000
-12.235774993896484375000
21.660720825195312500000
-8.869033813476562500000
-1.835304260253906250000
16.505287170410156250000
-35.876907348632812500000
23.709201812744140625000
24.138378143310546875000
-41.087116241455078125000
-8.167499542236328125000
54.484157562255859375000
-34.553726196289062500000
-0.269371032714843750000
-16.840572357177734375000
40.879653930664062500000
-8.568981170654296875000
-22.309082031250000000000
-21.802783966064453125000
62.124935150146484375000
7.711730957031250000000
-91.263275146484375000000
19.552928924560546875000
110.835388183593750000000
-13.185260772705078125000
-319.479248046875000000000