0.000000000000000000000
7.606857299804687500000
1.233283996582031250000
-22.089958190917968750000
9.689384460449218750000
-1.442764282226562500000
-5.662338256835937500000
-17.271789550781250000000
-0.998428344726562500000
-15.923027038574218750000
6.975151062011718750000
7.300392150878906250000
-8.661575317382812500000
-1.998428344726562500000
-24.127555847167968750000
-4.237670898437500000000
-3.459014892578125000000
11.000366210937500000000
33.221435546875000000000
-2.626762390136718750000
-22.215660095214843750000
-10.354721069335937500000
-0.157081604003906250000
-14.167594909667968750000
33.617309570312500000000
21.683975219726562500000
-8.080375671386718750000
22.929702758789062500000
-3.406539916992187500000
34.073661804199218750000
30.056076049804687500000
37.596435546875000000000
0.407775878906250000000
-26.779655456542968750000
1.304206848144531250000
3.181304931640625000000
9.842453002929687500000
-0.686378479003906250000
16.631904602050781250000
27.600189208984375000000
-28.864959716796875000000
-21.413452148437500000000
23.174278259277343750000
3.849487304687500000000
-14.775848388671875000000
-8.875190734863281250000
-40.058288574218750000000
-13.542861938476562500000
-0.556274414062500000000
-0.443557739257812500000
4.595466613769531250000
-0.449172973632812500000
-23.298500061035156250000
-3.445037841796875000000
-3.297821044921875000000
6.296028137207031250000
1.826675415039062500000
-14.173347473144531250000
0.431648254394531250000
7.349792480468750000000
9.940048217773437500000
11.466522216796875000000
32.914894104003906250000
27.495063781738281250000
2.346389770507812500000
-15.357429504394531250000
-5.560150146484375000000
5.724037170410156250000
12.239547729492187500000
-6.969604492187500000000
-30.405448913574218750000
-18.768348693847656250000
-24.154411315917968750000
4.232482910156250000000
-9.588645935058593750000
27.866310119628906250000
5.270217895507812500000
-6.397804260253906250000
-13.623390197753906250000
0.550170898437500000000
6.889175415039062500000
-12.196434020996093750000
23.047454833984375000000
9.611595153808593750000
-21.462409973144531250000
1.055953979492187500000
-14.931976318359375000000
9.628402709960937500000
11.768882751464843750000
-12.695617675781250000000
-15.075004577636718750000
9.069442749023437500000
8.235527038574218750000
3.767105102539062500000
10.448997497558593750000
1.448982238769531250000
-6.841094970703125000000
-7.948173522949218750000
0.482025146484375000000
10.272994995117187500000
7.893959045410156250000
10.618690490722656250000
5.952247619628906250000
-11.473106384277343750000
-8.551643371582031250000
26.095283508300781250000
-4.421249389648437500000
40.037414550781250000000
18.058273315429687500000
0.248039245605468750000
-7.859428405761718750000
-12.982040405273437500000
-1.306167602539062500000
5.412063598632812500000
8.566978454589843750000
-15.999114990234375000000
6.492698669433593750000
-26.908813476562500000000
-12.697929382324218750000
-8.011344909667968750000
-5.401947021484375000000
-19.322692871093750000000
4.567924499511718750000
-4.335060119628906250000
-12.344047546386718750000
13.940666198730468750000
3.201431274414062500000
18.902626037597656250000
27.114715576171875000000
-3.894477844238281250000
7.588699340820312500000
-5.935096740722656250000
16.520065307617187500000
-14.500427246093750000000
4.971710205078125000000
-30.505149841308593750000
20.080802917480468750000
4.652481079101562500000
23.169036865234375000000
12.278648376464843750000
3.533889770507812500000
-11.465690612792968750000
-8.990829467773437500000
-22.379020690917968750000
2.036811828613281250000
20.588050842285156250000
-13.042892456054687500000
-6.562591552734375000000
0.676132202148437500000
0.674613952636718750000
-9.121734619140625000000
-5.849670410156250000000
29.822364807128906250000
1.995918273925781250000
-26.688133239746093750000
-2.905952453613281250000
2.323051452636718750000
12.407882690429687500000
-5.934005737304687500000
7.922309875488281250000
-11.703041076660156250000
10.352584838867187500000
1.505790710449218750000
-9.442733764648437500000
6.890953063964843750000
-14.350608825683593750000
1.124000549316406250000
-13.914772033691406250000
-10.500930786132812500000
2.520713806152343750000
5.792037963867187500000
-8.514358520507812500000
10.590736389160156250000
-13.963958740234375000000
4.120277404785156250000
3.560325622558593750000
8.639511108398437500000
2.023742675781250000000
6.935211181640625000000
20.416725158691406250000
2.549621582031250000000
7.537597656250000000000
-3.457588195800781250000
-5.319274902343750000000
-2.489151000976562500000
-15.093643188476562500000
-5.598686218261718750000
-3.114723205566406250000
-0.478393554687500000000
-10.151565551757812500000
3.924392700195312500000
-12.610359191894531250000
14.314270019531250000000
11.337364196777343750000
0.455230712890625000000
-2.278938293457031250000
14.751533508300781250000
-3.712249755859375000000
1.351753234863281250000
-2.213966369628906250000
-12.342636108398437500000
-10.314636230468750000000
-11.833747863769531250000
-13.505378723144531250000
-5.424034118652343750000
19.386993408203125000000
0.448310852050781250000
5.077316284179687500000
10.132385253906250000000
0.805816650390625000000
-9.783607482910156250000
-0.930915832519531250000
-7.919601440429687500000
10.287902832031250000000
-4.034988403320312500000
-15.332122802734375000000
1.512641906738281250000
4.469245910644531250000
-5.664031982421875000000
15.926742553710937500000
-12.147758483886718750000
-8.834083557128906250000
-0.912971496582031250000
4.862052917480468750000
5.269729614257812500000
-0.843345642089843750000
6.241783142089843750000
-1.719619750976562500000
-4.699607849121093750000
1.806900024414062500000
-2.625869750976562500000
20.915985107421875000000
10.593833923339843750000
9.589363098144531250000
-10.741836547851562500000
-6.595100402832031250000
-2.222084045410156250000
-5.061805725097656250000
3.740791320800781250000
-5.827865600585937500000
-1.649597167968750000000
-12.027305603027343750000
-5.697807312011718750000
-1.796142578125000000000
5.236450195312500000000
3.332687377929687500000
11.867248535156250000000
15.736579895019531250000
3.259513854980468750000
-3.322708129882812500000
-8.858901977539062500000
4.705551147460937500000
-9.240203857421875000000
-0.382369995117187500000
3.990531921386718750000
-11.504692077636718750000
0.000000000000000000000
11.504684448242187500000
-3.990539550781250000000
0.382354736328125000000
9.240196228027343750000
-4.705558776855468750000
8.858894348144531250000
3.322700500488281250000
-3.259521484375000000000
-15.736587524414062500000
-11.867256164550781250000
-3.332695007324218750000
-5.236457824707031250000
1.796134948730468750000
5.697799682617187500000
12.027297973632812500000
1.649589538574218750000
5.827857971191406250000
-3.740798950195312500000
5.061798095703125000000
2.222076416015625000000
6.595092773437500000000
10.741828918457031250000
-9.589370727539062500000
-10.593841552734375000000
-20.915992736816406250000
2.625862121582031250000
-1.806907653808593750000
4.699600219726562500000
1.719612121582031250000
-6.241790771484375000000
0.843330383300781250000
-5.269737243652343750000
-4.862060546875000000000
0.912963867187500000000
8.834075927734375000000
12.147750854492187500000
-15.926750183105468750000
5.664031982421875000000
-4.469253540039062500000
-1.512649536132812500000
15.332115173339843750000
4.034980773925781250000
-10.287910461425781250000
7.919593811035156250000
0.930908203125000000000
9.783599853515625000000
-0.805824279785156250000
-10.132385253906250000000
-5.077323913574218750000
-0.448318481445312500000
-19.387001037597656250000
5.424026489257812500000
13.505371093750000000000
11.833740234375000000000
10.314628601074218750000
12.342628479003906250000
2.213958740234375000000
-1.351760864257812500000
3.712242126464843750000
-14.751541137695312500000
2.278930664062500000000
-0.455238342285156250000
-11.337371826171875000000
-14.314277648925781250000
12.610351562500000000000
-3.924400329589843750000
10.151557922363281250000
0.478385925292968750000
3.114715576171875000000
5.598678588867187500000
15.093635559082031250000
2.489143371582031250000
5.319267272949218750000
3.457580566406250000000
-7.537612915039062500000
-2.549636840820312500000
-20.416732788085937500000
-6.935218811035156250000
-2.023750305175781250000
-8.639518737792968750000
-3.560333251953125000000
-4.120285034179687500000
13.963951110839843750000
-10.590744018554687500000
8.514350891113281250000
-5.792045593261718750000
-2.520721435546875000000
10.500915527343750000000
13.914764404296875000000
-1.124008178710937500000
14.350601196289062500000
-6.890960693359375000000
9.442726135253906250000
-1.505798339843750000000
-10.352592468261718750000
11.703033447265625000000
-7.922317504882812500000
5.933998107910156250000
-12.407890319824218750000
-2.323066711425781250000
2.905944824218750000000
26.688125610351562500000
-1.995925903320312500000
-29.822372436523437500000
5.849662780761718750000
9.121726989746093750000
-0.674621582031250000000
-0.676139831542968750000
6.562583923339843750000
13.042877197265625000000
-20.588058471679687500000
-2.036827087402343750000
22.379013061523437500000
8.990821838378906250000
11.465682983398437500000
-3.533897399902343750000
-12.278656005859375000000
-23.169044494628906250000
-4.652488708496093750000
-20.080818176269531250000
30.505142211914062500000
-4.971717834472656250000
14.500411987304687500000
-16.520072937011718750000
5.935089111328125000000
-7.588714599609375000000
3.894462585449218750000
-27.114723205566406250000
-18.902633666992187500000
-3.201438903808593750000
-13.940673828125000000000
12.344039916992187500000
4.335052490234375000000
-4.567939758300781250000
19.322685241699218750000
5.401939392089843750000
8.011337280273437500000
12.697914123535156250000
26.908805847167968750000
-6.492706298828125000000
15.999107360839843750000
-8.566986083984375000000
-5.412078857421875000000
1.306159973144531250000
12.982032775878906250000
7.859420776367187500000
-0.248046875000000000000
-18.058280944824218750000
-40.037429809570312500000
4.421234130859375000000
-26.095291137695312500000
8.551635742187500000000
11.473091125488281250000
-5.952262878417968750000
-10.618705749511718750000
-7.893966674804687500000
-10.273002624511718750000
-0.482032775878906250000
7.948158264160156250000
6.841079711914062500000
-1.448989868164062500000
-10.449012756347656250000
-3.767112731933593750000
-8.235542297363281250000
-9.069450378417968750000
15.074996948242187500000
12.695602416992187500000
-11.768890380859375000000
-9.628410339355468750000
14.931968688964843750000
-1.055969238281250000000
21.462394714355468750000
-9.611610412597656250000
-23.047462463378906250000
12.196426391601562500000
-6.889183044433593750000
-0.550178527832031250000
13.623382568359375000000
6.397789001464843750000
-5.270225524902343750000
-27.866317749023437500000
9.588638305664062500000
-4.232498168945312500000
24.154396057128906250000
18.768333435058593750000
30.405441284179687500000
6.969589233398437500000
-12.239562988281250000000
-5.724044799804687500000
5.560142517089843750000
15.357421875000000000000
-2.346405029296875000000
-27.495071411132812500000
-32.914901733398437500000
-11.466529846191406250000
-9.940055847167968750000
-7.349807739257812500000
-0.431655883789062500000
14.173339843750000000000
-1.826683044433593750000
-6.296035766601562500000
3.297813415527343750000
3.445030212402343750000
23.298492431640625000000
0.449165344238281250000
-4.595481872558593750000
0.443542480468750000000
0.556266784667968750000
13.542854309082031250000
40.058280944824218750000
8.875183105468750000000
14.775840759277343750000
-3.849494934082031250000
-23.174285888671875000000
21.413444519042968750000
28.864952087402343750000
-27.600204467773437500000
-16.631912231445312500000
0.686363220214843750000
-9.842468261718750000000
-3.181312561035156250000
-1.304214477539062500000
26.779647827148437500000
-0.407791137695312500000
-37.596443176269531250000
-30.056083679199218750000
-34.073677062988281250000
3.406524658203125000000
-22.929710388183593750000
8.080368041992187500000
-21.683990478515625000000
-33.617317199707031250000
14.167587280273437500000
0.157066345214843750000
10.354713439941406250000
22.215652465820312500000
2.626747131347656250000
-33.221450805664062500000
-11.000373840332031250000
3.458999633789062500000
4.237655639648437500000
24.127548217773437500000
1.998413085937500000000
8.661560058593750000000
-7.300407409667968750000
-6.975166320800781250000
15.923011779785156250000
0.998413085937500000000
17.271774291992187500000
5.662322998046875000000
1.442749023437500000000
-9.689407348632812500000
22.089942932128906250000
-1.233306884765625000000
-7.606880187988281250000
