-5.644986871629953384e-03
6.906586349941790104e-04
-9.759109467267990112e-03
-3.078326815739274025e-03
-1.387457922101020813e-02
-6.848248187452554703e-03
-1.799203082919120789e-02
-1.061968319118022919e-02
-2.211209945380687714e-02
-1.439321134239435196e-02
-2.623542211949825287e-02
-1.816941238939762115e-02
-3.036263957619667053e-02
-2.194887213408946991e-02
-3.449439257383346558e-02
-2.573217265307903290e-02
-3.863132372498512268e-02
-2.951990626752376556e-02
-4.277409240603446960e-02
-3.331266343593597412e-02
-4.692334309220314026e-02
-3.711104393005371094e-02
-5.107973888516426086e-02
-4.091564938426017761e-02
-5.524394288659095764e-02
-4.472708329558372498e-02
-5.941662564873695374e-02
-4.854596033692359924e-02
-6.359846889972686768e-02
-5.237289890646934509e-02
-6.779014319181442261e-02
-5.620852112770080566e-02
-7.199236005544662476e-02
-6.005346402525901794e-02
-7.620580494403839111e-02
-6.390836834907531738e-02
-8.043118566274642944e-02
-6.777387112379074097e-02
-8.466923236846923828e-02
-7.165064662694931030e-02
-8.892066031694412231e-02
-7.553935050964355469e-02
-9.318621456623077393e-02
-7.944066077470779419e-02
-9.746664762496948242e-02
-8.335526287555694580e-02
-1.017627194523811340e-01
-8.728386461734771729e-02
-1.060752049088478088e-01
-9.122717380523681641e-02
-1.104049012064933777e-01
-9.518590569496154785e-02
-1.147525981068611145e-01
-9.916081279516220093e-02
-1.191191226243972778e-01
-1.031526327133178711e-01
-1.235053092241287231e-01
-1.071621403098106384e-01
-1.279120147228240967e-01
-1.111901178956031799e-01
-1.323401033878326416e-01
-1.152373626828193665e-01
-1.367904692888259888e-01
-1.193047016859054565e-01
-1.412640064954757690e-01
-1.233929619193077087e-01
-1.457616537809371948e-01
-1.275029927492141724e-01
-1.502843797206878662e-01
-1.316356956958770752e-01
-1.548331379890441895e-01
-1.357919424772262573e-01
-1.594089269638061523e-01
-1.399726718664169312e-01
-1.640127897262573242e-01
-1.441788375377655029e-01
-1.686457544565200806e-01
-1.484113931655883789e-01
-1.733089238405227661e-01
-1.526713371276855469e-01
-1.780033856630325317e-01
-1.569597125053405762e-01
-1.827303022146224976e-01
-1.612775772809982300e-01
-1.874908506870269775e-01
-1.656260043382644653e-01
-1.922862082719802856e-01
-1.700061112642288208e-01
-1.971176564693450928e-01
-1.744190901517868042e-01
-2.019864618778228760e-01
-1.788661032915115356e-01
-2.068939507007598877e-01
-1.833483874797821045e-01
-2.118415087461471558e-01
-1.878672242164611816e-01
-2.168305069208145142e-01
-1.924239248037338257e-01
-2.218624502420425415e-01
-1.970198601484298706e-01
-2.269388139247894287e-01
-2.016564309597015381e-01
-2.320611923933029175e-01
-2.063351124525070190e-01
-2.372311651706695557e-01
-2.110573947429656982e-01
-2.424504458904266357e-01
-2.158248722553253174e-01
-2.477207481861114502e-01
-2.206391692161560059e-01
-2.530438899993896484e-01
-2.255019694566726685e-01
-2.584217488765716553e-01
-2.304150462150573730e-01
-2.638562321662902832e-01
-2.353802472352981567e-01
-2.693494260311126709e-01
-2.403994649648666382e-01
-2.749033868312835693e-01
-2.454746812582015991e-01
-2.805202901363372803e-01
-2.506079971790313721e-01
-2.862024903297424316e-01
-2.558015584945678711e-01
-2.919523119926452637e-01
-2.610576152801513672e-01
-2.977722585201263428e-01
-2.663785517215728760e-01
-3.036649525165557861e-01
-2.717668414115905762e-01
-3.096330463886260986e-01
-2.772250771522521973e-01
-3.156794309616088867e-01
-2.827559709548950195e-01
-3.218070268630981445e-01
-2.883623540401458740e-01
-3.280189931392669678e-01
-2.940472364425659180e-01
-3.343185782432556152e-01
-2.998137176036834717e-01
-3.407091796398162842e-01
-3.056651353836059570e-01
-3.471944332122802734e-01
-3.116049766540527344e-01
-3.537780940532684326e-01
-3.176368772983551025e-01
-3.604641556739807129e-01
-3.237647116184234619e-01
-3.672567903995513916e-01
-3.299925625324249268e-01
-3.741604387760162354e-01
-3.363247513771057129e-01
-3.811797797679901123e-01
-3.427658677101135254e-01
-3.883197009563446045e-01
-3.493206799030303955e-01
-3.955854177474975586e-01
-3.559944033622741699e-01
-4.029825031757354736e-01
-3.627924323081970215e-01
-4.105167388916015625e-01
-3.697206079959869385e-01
-4.181943833827972412e-01
-3.767850697040557861e-01
-4.260220229625701904e-01
-3.839924633502960205e-01
-4.340066909790039062e-01
-3.913497626781463623e-01
-4.421558380126953125e-01
-3.988645374774932861e-01
-4.504774808883666992e-01
-4.065448641777038574e-01
-4.589801430702209473e-01
-4.143993556499481201e-01
-4.676729142665863037e-01
-4.224373102188110352e-01
-4.765656590461730957e-01
-4.306688010692596436e-01
-4.856688082218170166e-01
-4.391045570373535156e-01
-4.949936866760253906e-01
-4.477563500404357910e-01
-5.045524239540100098e-01
-4.566367566585540771e-01
-5.143582224845886230e-01
-4.657595455646514893e-01
-5.244252085685729980e-01
-4.751396477222442627e-01
-5.347688198089599609e-01
-4.847933650016784668e-01
-5.454057455062866211e-01
-4.947385489940643311e-01
-5.563541054725646973e-01
-5.049946904182434082e-01
-5.676338672637939453e-01
-5.155832767486572266e-01
-5.792666077613830566e-01
-5.265280008316040039e-01
-5.912762284278869629e-01
-5.378550887107849121e-01
-6.036888360977172852e-01
-5.495935678482055664e-01
-6.165333390235900879e-01
-5.617759227752685547e-01
-6.298417448997497559e-01
-5.744384527206420898e-01
-6.436495184898376465e-01
-5.876217484474182129e-01
-6.579962372779846191e-01
-6.013719439506530762e-01
-6.729261875152587891e-01
-6.157411336898803711e-01
-6.884892582893371582e-01
-6.307887434959411621e-01
-7.047415971755981445e-01
-6.465830206871032715e-01
-7.217471003532409668e-01
-6.632027029991149902e-01
-7.395785450935363770e-01
-6.807393431663513184e-01
-7.583196163177490234e-01
-6.993002295494079590e-01
-7.780668735504150391e-01
-7.190121412277221680e-01
-7.989327907562255859e-01
-7.400264143943786621e-01
-8.210493922233581543e-01
-7.625256776809692383e-01
-8.445727825164794922e-01
-7.867330908775329590e-01
-8.696897625923156738e-01
-8.129252195358276367e-01
-8.966261744499206543e-01
-8.414505720138549805e-01
-9.256588220596313477e-01
-8.727570772171020508e-01
-9.571321010589599609e-01
-9.074339270591735840e-01
-9.914821386337280273e-01
-9.462782740592956543e-01
-1.029273390769958496e+00
-9.904071688652038574e-01
-1.071255683898925781e+00
-1.041457533836364746e+00
-1.118459820747375488e+00
-1.101973056793212891e+00
-1.172365784645080566e+00
-1.176239252090454102e+00
-1.235234022140502930e+00
-1.272374153137207031e+00
-1.310852766036987305e+00
-1.408889770507812500e+00
-1.406632542610168457e+00
-1.645010709762573242e+00
-1.542269349098205566e+00
-2.445872545242309570e+00
-1.844461202621459961e+00
-9.558687806129455566e-01
-1.637019276618957520e+00
-1.238180875778198242e+00
-2.003866195678710938e+00
-2.340941905975341797e+00
-1.832968831062316895e+00
-4.971204698085784912e-01
-2.215081930160522461e+00
-1.869884729385375977e+00
-3.327688217163085938e+00
-2.084477424621582031e+00
-2.806215047836303711e+00
-2.143012762069702148e+00
-7.121954560279846191e-01
9.540032148361206055e-01
1.295686483383178711e+00
-6.874964386224746704e-02
-3.351111412048339844e-01
-2.859761416912078857e-01
-8.584325909614562988e-01
-1.654169797897338867e+00
-2.837898015975952148e+00
-3.412229418754577637e-01
1.020730257034301758e+00
3.042785823345184326e-01
-5.442432761192321777e-01
-5.256137847900390625e-01
-1.575382471084594727e+00
-6.247938871383666992e-01
-2.902348279953002930e+00
-2.009697198867797852e+00
1.695317178964614868e-01
2.977737188339233398e-01
-9.867689013481140137e-01
-7.128218561410903931e-02
-1.034956097602844238e+00
-5.780504345893859863e-01
-1.858452796936035156e+00
-1.814288049936294556e-01
1.423257470130920410e+00
-6.659767627716064453e-01
-5.847766250371932983e-02
-1.112664580345153809e+00
-1.033377408981323242e+00
-1.922627687454223633e+00
-1.689951300621032715e+00
-3.727750480175018311e-01
6.269765496253967285e-01
-1.291584670543670654e-01
-5.881351232528686523e-01
1.647269874811172485e-01
9.091960191726684570e-01
1.749177128076553345e-01
2.423625886440277100e-01
3.511057496070861816e-01
-4.173485636711120605e-01
-1.880208030343055725e-02
-1.351777553558349609e+00
-4.030478596687316895e-01
2.690899670124053955e-01
-8.192925453186035156e-01
-8.351446390151977539e-01
-6.728111505508422852e-01
-1.288665175437927246e+00
-1.860042572021484375e+00
-4.293784797191619873e-01
5.772935748100280762e-01
-2.113287299871444702e-01
-1.134237647056579590e+00
-5.388804674148559570e-01
-3.818419277667999268e-01
-1.305056452751159668e+00
-1.263270854949951172e+00
-2.089101552963256836e+00
-8.934930562973022461e-01
-2.609097003936767578e+00
-1.024392247200012207e+00
-2.446089029312133789e+00
-3.997198104858398438e+00
-1.000010490417480469e+00
1.341531395912170410e+00
3.419714450836181641e+00
1.641753911972045898e+00
1.343234777450561523e+00
3.871608674526214600e-01
4.446050226688385010e-01
7.984053492546081543e-01
1.732227921485900879e+00
1.406908154487609863e+00
9.030480384826660156e-01
3.250818252563476562e-01
4.372234642505645752e-01
-1.024142652750015259e-01
2.106231451034545898e-01
-5.897846817970275879e-02
-2.833405733108520508e-01
2.672660052776336670e-01
-1.150205016136169434e+00
1.316866129636764526e-01
-6.345983743667602539e-01
-5.976219177246093750e-01
-4.750809967517852783e-01
-5.699287056922912598e-01
7.205636501312255859e-01
-2.239804416894912720e-01
2.177380323410034180e-01
1.112642213702201843e-01
1.994429826736450195e-01
5.742284655570983887e-02
4.207526799291372299e-03
-4.450868964195251465e-01
-8.645357191562652588e-02
-6.623397469520568848e-01
-6.241158023476600647e-02
-1.056822896003723145e+00
-8.816931247711181641e-01
4.689100086688995361e-01
-3.034888207912445068e-01
-7.602159976959228516e-01
1.053887531161308289e-01
-4.997532069683074951e-02
2.275754064321517944e-01
-4.336796402931213379e-01
-6.852677464485168457e-01
-1.041022300720214844e+00
-1.930294513702392578e+00
1.184136345982551575e-01
1.222486853599548340e+00
-2.427912354469299316e-01
-1.856112927198410034e-01
3.982172906398773193e-01
-7.396831512451171875e-01
-1.401545107364654541e-01
-4.438954964280128479e-02
-3.024930953979492188e-01
-1.049008846282958984e+00
7.106051445007324219e-01
4.414640367031097412e-01
-5.423765778541564941e-01
-8.674141764640808105e-01
9.758894890546798706e-02
-3.025176823139190674e-01
-6.001474857330322266e-01
-1.365817189216613770e+00
4.834628105163574219e-01
4.564101696014404297e-01
1.300173811614513397e-02
-5.592264607548713684e-02
-8.433693647384643555e-02
-8.278303742408752441e-01
-5.428106188774108887e-01
7.497260570526123047e-01
-5.497933626174926758e-01
4.163483530282974243e-02
-4.201226681470870972e-02
6.315005421638488770e-01
-7.443836331367492676e-02
-1.450767070055007935e-01
-6.926606297492980957e-01
-1.070348143577575684e+00
-3.654493689537048340e-01
5.085087418556213379e-01
-6.162914633750915527e-01
-3.160266876220703125e-01
-2.543084025382995605e-01
-8.754593729972839355e-01
-2.555665075778961182e-01
9.286804199218750000e-01
-9.694616310298442841e-03
8.219157159328460693e-02
-6.522019505500793457e-01
-5.224322676658630371e-01
-6.951960325241088867e-01
-8.990871310234069824e-01
-4.891559109091758728e-02
-8.273754715919494629e-01
-9.935162067413330078e-01
-2.341608762741088867e+00
-2.274979114532470703e+00
4.264871776103973389e-01
7.076568007469177246e-01
-8.192125558853149414e-01
-1.043840765953063965e+00
-3.896706700325012207e-01
4.153086245059967041e-01
-5.213814973831176758e-01
1.087504327297210693e-01
-4.602071046829223633e-01
-1.621695280075073242e+00
-4.308449625968933105e-01
1.032087802886962891e+00
1.052116036415100098e+00
-2.957871556282043457e-01
7.958133816719055176e-01
-4.809464812278747559e-01
-2.024562358856201172e-01
5.419637262821197510e-02
4.769270718097686768e-01
-5.913289785385131836e-01
-5.040778517723083496e-01
-1.339564800262451172e+00
-1.097083091735839844e+00
-7.605712413787841797e-01
-3.877452611923217773e-01
-1.399219036102294922e+00
1.005023002624511719e+00
-1.407253742218017578e+00
-9.448513388633728027e-01
6.498653888702392578e-01
1.339836359024047852e+00
-1.003103032708168030e-01
-2.398298829793930054e-01
1.761381179094314575e-01
-2.570481300354003906e-01
-3.181163370609283447e-01
-1.660403013229370117e+00
-8.247216939926147461e-01
8.253317475318908691e-01
-6.587857007980346680e-01
-1.599358916282653809e+00
-5.139552950859069824e-01
-1.120231598615646362e-01
-7.910537123680114746e-01
2.103058546781539917e-01
6.558173894882202148e-01
6.166401505470275879e-01
-1.448411703109741211e+00
-7.578558921813964844e-01
1.519632458686828613e+00
1.337278485298156738e+00
1.423590898513793945e+00
1.162872910499572754e+00
8.243449926376342773e-01
1.910072118043899536e-01
-1.811018139123916626e-01
-9.937002062797546387e-01
9.219366908073425293e-01
8.707115054130554199e-01
-1.473246663808822632e-01
4.933895170688629150e-01
6.862802505493164062e-01
-1.260230183601379395e+00
1.119872033596038818e-01
7.868474721908569336e-01
4.259389638900756836e-01
-4.703513085842132568e-01
7.308046519756317139e-02
1.876708388328552246e+00
1.398925632238388062e-01
2.350112050771713257e-01
-3.886287212371826172e-01
2.030511498451232910e-01
8.913020491600036621e-01
1.621142402291297913e-02
-6.332405209541320801e-01
2.073235660791397095e-01
2.001929581165313721e-01
-1.100093245506286621e+00
5.831807255744934082e-01
1.313327908515930176e+00
3.550652861595153809e-01
-3.929967582225799561e-01
-4.831981062889099121e-01
3.882529437541961670e-01
2.021585255861282349e-01
-4.361903071403503418e-01
6.386083960533142090e-01
-6.690777838230133057e-03
-3.968744575977325439e-01
3.136563003063201904e-01
-8.531262166798114777e-03
1.312246620655059814e-01
-5.609837919473648071e-02
2.971931099891662598e-01
-4.935368597507476807e-01
-1.060012698173522949e+00
1.381125301122665405e-01
7.085860520601272583e-02
-5.292490720748901367e-01
-6.737834215164184570e-01
-1.712618470191955566e+00
1.680942773818969727e-01
8.851090669631958008e-01
2.052806317806243896e-01
-7.264696359634399414e-01
5.585330724716186523e-01
2.579376995563507080e-01
1.770945340394973755e-01
-8.660914897918701172e-01
-9.468865394592285156e-02
-1.262700080871582031e+00
4.341453313827514648e-01
-7.492524385452270508e-01
-1.054929971694946289e+00
7.221824489533901215e-03
8.668650388717651367e-01
1.725600063800811768e-01
-1.178166151046752930e+00
-2.886511385440826416e-01
1.473316550254821777e+00
7.465524673461914062e-01
-4.187440872192382812e-01
2.614838778972625732e-01
3.370256125926971436e-01
-2.162059545516967773e-01
6.051422953605651855e-01
1.584901213645935059e+00
4.411604404449462891e-01
-8.801076561212539673e-02
5.785295963287353516e-01
1.656288802623748779e-01
3.133326470851898193e-01
5.034310817718505859e-01
-9.466822147369384766e-01
5.640815496444702148e-01
8.735746145248413086e-01
1.052807688713073730e+00
6.741021871566772461e-01
2.928201258182525635e-01
3.698592185974121094e-01
-4.296947419643402100e-01
-2.141100019216537476e-01
3.254149556159973145e-01
2.660015411674976349e-02
-1.873735487461090088e-01
-4.988759756088256836e-02
5.105234384536743164e-01
5.522161722183227539e-01
-6.202796697616577148e-01
2.582149803638458252e-01
4.047217071056365967e-01
9.461811184883117676e-02
-9.346179962158203125e-01
2.602533996105194092e-01
-8.159967660903930664e-01
5.026118457317352295e-02
6.873933672904968262e-01
-6.703328490257263184e-01
1.612057566642761230e+00
2.101427316665649414e+00
3.880448043346405029e-01
7.320539355278015137e-01
-1.117756813764572144e-01
2.800760567188262939e-01
3.112709522247314453e-01
-1.465917974710464478e-01
-7.057360410690307617e-01
-5.579646825790405273e-01
9.930393695831298828e-01
1.542856991291046143e-01
3.310435265302658081e-02
-1.893959790468215942e-01
1.240368261933326721e-01
-3.636851906776428223e-01
-1.973184645175933838e-01
-1.094518780708312988e+00
-1.018829718232154846e-01
-1.578660130500793457e+00
-2.302081823348999023e+00
-7.125125527381896973e-01
7.241429686546325684e-01
2.184081226587295532e-01
1.017210125923156738e+00
1.153881430625915527e+00
1.170062184333801270e+00
1.822934001684188843e-01
1.076434373855590820e+00
1.111216187477111816e+00
5.272065401077270508e-01
8.531843423843383789e-01
3.165441155433654785e-01
-3.703829646110534668e-01
-8.834809660911560059e-01
-6.162480711936950684e-01
-5.391976833343505859e-01
2.668669819831848145e-01
1.612381577491760254e+00
2.291892915964126587e-01
-5.458914116024971008e-02
7.685206532478332520e-01
1.021466493606567383e+00
7.432287931442260742e-01
-7.848029583692550659e-02
-3.656712770462036133e-01
-1.580303192138671875e+00
-1.134141445159912109e+00
-4.220002517104148865e-02
1.262316226959228516e+00
9.590929150581359863e-01
4.838063418865203857e-01
1.175779819488525391e+00
1.393952131271362305e+00
5.193103849887847900e-02
1.208504796028137207e+00
1.095652580261230469e+00
1.938896030187606812e-01
1.474928498268127441e+00
2.663459181785583496e-01
4.907766878604888916e-01
2.331645041704177856e-01
2.046960890293121338e-01
-9.842482209205627441e-01
-9.301232099533081055e-01
7.303602099418640137e-01
-2.126145064830780029e-01
1.122987866401672363e+00
1.725039362907409668e+00
5.580182671546936035e-01
-1.031006872653961182e-01
-6.598719954490661621e-01
1.009983658790588379e+00
4.818088412284851074e-01
8.200400322675704956e-02
8.995575308799743652e-01
-1.694290786981582642e-01
5.416526198387145996e-01
3.053017854690551758e-01
-1.091198325157165527e-01
4.354114532470703125e-01
-4.180691540241241455e-01
1.012665256857872009e-01
-1.276950240135192871e+00
-8.252205848693847656e-01
-9.930336475372314453e-01
-5.804510116577148438e-01
-2.181426733732223511e-01
1.953356742858886719e+00
7.735614776611328125e-01
-3.769965171813964844e-01
1.127422332763671875e+00
8.589083552360534668e-01
-8.863776326179504395e-01
-4.919212162494659424e-01
-1.828818768262863159e-01
1.140403509140014648e+00
7.886441946029663086e-01
1.204113245010375977e+00
2.284240871667861938e-01
3.118546307086944580e-01
2.310968190431594849e-01
8.785222172737121582e-01
-5.835273861885070801e-01
6.434272527694702148e-01
9.874754548072814941e-01
1.484054207801818848e+00
7.030738592147827148e-01
4.138604551553726196e-02
9.706670641899108887e-01
1.236557841300964355e+00
2.035023450851440430e+00
4.161477088928222656e-01
9.631053209304809570e-01
-8.914718776941299438e-02
1.067660093307495117e+00
9.614769220352172852e-01
9.903312325477600098e-01
3.886328935623168945e-01
1.862587481737136841e-01
-6.022040173411369324e-02
1.053025960922241211e+00
-2.411391437053680420e-01
5.319370627403259277e-01
8.113378882408142090e-01
6.137988567352294922e-01
-9.163159728050231934e-01
-7.958144545555114746e-01
1.055926442146301270e+00
6.564526557922363281e-01
-6.101942062377929688e-01
6.078632473945617676e-01
1.125261902809143066e+00
9.925711750984191895e-01
4.550659954547882080e-01
1.872395873069763184e+00
2.038963317871093750e+00
-2.315505743026733398e-01
4.457943141460418701e-01
1.889261364936828613e+00
1.126744270324707031e+00
1.536202073097229004e+00
1.365903377532958984e+00
4.438052475452423096e-01
1.771135449409484863e+00
2.218879759311676025e-01
1.001976132392883301e+00
6.473453044891357422e-01
3.252143263816833496e-01
-6.530431658029556274e-02
7.068507671356201172e-01
2.251376807689666748e-01
1.344504803419113159e-01
2.438411712646484375e+00
1.844283342361450195e+00
1.531997203826904297e+00
1.477578759193420410e+00
1.012315988540649414e+00
1.075523972511291504e+00
6.501501202583312988e-01
1.295738220214843750e-01
1.356600284576416016e+00
1.810681104660034180e+00
1.855720877647399902e+00
8.575509190559387207e-01
8.231256008148193359e-01
-4.766811728477478027e-01
1.401702880859375000e+00
2.616340875625610352e+00
2.440894842147827148e+00
1.313325166702270508e+00
1.574772834777832031e+00
2.265352964401245117e+00
1.945517539978027344e+00
1.592902064323425293e+00
1.539255499839782715e+00
1.375742793083190918e+00
1.378392696380615234e+00
1.247195005416870117e+00
1.272521853446960449e+00
1.156191945075988770e+00
1.192549347877502441e+00
1.085855126380920410e+00
1.127992749214172363e+00
1.028560876846313477e+00
1.073760747909545898e+00
9.802305102348327637e-01
1.026960372924804688e+00
9.384326338768005371e-01
9.857783317565917969e-01
9.016039371490478516e-01
9.489988684654235840e-01
8.686808347702026367e-01
9.157647490501403809e-01
8.389074802398681641e-01
8.854483962059020996e-01
8.117280006408691406e-01
8.575757145881652832e-01
7.867214679718017578e-01
8.317797780036926270e-01
7.635616660118103027e-01
8.077706098556518555e-01
7.419906258583068848e-01
7.853149175643920898e-01
7.218009233474731445e-01
7.642220854759216309e-01
7.028231620788574219e-01
7.443346977233886719e-01
6.849172115325927734e-01
7.255206704139709473e-01
6.679658889770507812e-01
7.076686620712280273e-01
6.518701314926147461e-01
6.906834244728088379e-01
6.365455389022827148e-01
6.744831800460815430e-01
6.219194531440734863e-01
6.589971184730529785e-01
6.079290509223937988e-01
6.441634297370910645e-01
5.945193767547607422e-01
6.299278140068054199e-01
5.816425085067749023e-01
6.162425279617309570e-01
5.692558884620666504e-01
6.030650734901428223e-01
5.573220252990722656e-01
5.903577804565429688e-01
5.458073019981384277e-01
5.780867338180541992e-01
5.346817970275878906e-01
5.662216544151306152e-01
5.239186286926269531e-01
5.547351241111755371e-01
5.134934782981872559e-01
5.436024069786071777e-01
5.033843517303466797e-01
5.328009724617004395e-01
4.935713410377502441e-01
5.223104357719421387e-01
4.840362966060638428e-01
5.121120214462280273e-01
4.747625887393951416e-01
5.021886825561523438e-01
4.657350778579711914e-01
4.925246238708496094e-01
4.569397866725921631e-01
4.831054806709289551e-01
4.483638703823089600e-01
4.739179015159606934e-01
4.399955570697784424e-01
4.649495482444763184e-01
4.318238198757171631e-01
4.561890363693237305e-01
4.238385558128356934e-01
4.476257860660552979e-01
4.160303771495819092e-01
4.392499327659606934e-01
4.083904922008514404e-01
4.310523271560668945e-01
4.009107947349548340e-01
4.230244457721710205e-01
3.935836255550384521e-01
4.151582717895507812e-01
3.864019215106964111e-01
4.074463248252868652e-01
3.793590068817138672e-01
3.998816311359405518e-01
3.724486231803894043e-01
3.924576044082641602e-01
3.656649589538574219e-01
3.851680755615234375e-01
3.590024709701538086e-01
3.780072033405303955e-01
3.524559736251831055e-01
3.709695339202880859e-01
3.460206091403961182e-01
3.640499114990234375e-01
3.396917283535003662e-01
3.572434186935424805e-01
3.334649801254272461e-01
3.505454957485198975e-01
3.273362815380096436e-01
3.439517021179199219e-01
3.213016688823699951e-01
3.374579250812530518e-01
3.153574764728546143e-01
3.310602605342864990e-01
3.095001876354217529e-01
3.247549831867218018e-01
3.037264943122863770e-01
3.185384869575500488e-01
2.980331480503082275e-01
3.124074637889862061e-01
2.924171984195709229e-01
3.063586354255676270e-01
2.868757247924804688e-01
3.003889918327331543e-01
2.814059853553771973e-01
2.944956123828887939e-01
2.760054171085357666e-01
2.886756658554077148e-01
2.706714570522308350e-01
2.829265296459197998e-01
2.654017210006713867e-01
2.772456407546997070e-01
2.601939439773559570e-01
2.716305255889892578e-01
2.550459206104278564e-01
2.660788595676422119e-01
2.499555498361587524e-01
2.605884373188018799e-01
2.449208199977874756e-01
2.551570832729339600e-01
2.399398088455200195e-01
2.497826963663101196e-01
2.350106388330459595e-01
2.444633394479751587e-01
2.301315516233444214e-01
2.391970902681350708e-01
2.253008037805557251e-01
2.339821010828018188e-01
2.205167412757873535e-01
2.288166135549545288e-01
2.157777994871139526e-01
2.236989140510559082e-01
2.110824137926101685e-01
2.186273783445358276e-01
2.064291238784790039e-01
2.136003822088241577e-01
2.018164992332458496e-01
2.086164355278015137e-01
1.972431391477584839e-01
2.036740183830261230e-01
1.927077323198318481e-01
1.987717300653457642e-01
1.882089674472808838e-01
1.939081698656082153e-01
1.837456077337265015e-01
1.890820115804672241e-01
1.793164461851119995e-01
1.842919290065765381e-01
1.749203056097030640e-01
1.795366853475570679e-01
1.705560386180877686e-01
1.748150438070297241e-01
1.662225574254989624e-01
1.701258420944213867e-01
1.619187742471694946e-01
1.654678881168365479e-01
1.576436460018157959e-01
1.608400940895080566e-01
1.533961892127990723e-01
1.562413573265075684e-01
1.491753906011581421e-01
1.516706347465515137e-01
1.449802964925765991e-01
1.471268534660339355e-01
1.408099681138992310e-01
1.426090449094772339e-01
1.366635113954544067e-01
1.381162106990814209e-01
1.325400173664093018e-01
1.336473971605300903e-01
1.284386366605758667e-01
1.292016655206680298e-01
1.243585050106048584e-01
1.247780919075012207e-01
1.202988028526306152e-01
1.203758046030998230e-01
1.162587255239486694e-01
1.159939095377922058e-01
1.122374683618545532e-01
1.116315573453903198e-01
1.082342639565467834e-01
1.072879135608673096e-01
1.042483448982238770e-01
1.029621511697769165e-01
1.002789735794067383e-01
9.865345805883407593e-02
9.632541239261627197e-02
9.436104446649551392e-02
9.238693863153457642e-02
9.008413553237915039e-02
8.846285194158554077e-02
8.582196384668350220e-02
8.455245941877365112e-02
8.157376945018768311e-02
8.065506815910339355e-02
7.733882218599319458e-02
7.677001506090164185e-02
7.311638444662094116e-02
7.289662957191467285e-02
6.890574097633361816e-02
6.903426349163055420e-02
6.470617651939392090e-02
6.518226116895675659e-02
6.051699072122573853e-02
6.134000048041343689e-02
5.633749067783355713e-02
5.750684067606925964e-02
5.216699093580245972e-02
5.368216335773468018e-02
4.800481349229812622e-02
4.986534640192985535e-02
4.385028779506683350e-02
4.605578631162643433e-02
3.970274701714515686e-02
4.225287586450576782e-02
3.556153178215026855e-02
3.845601528882980347e-02
3.142598643898963928e-02
3.466460853815078735e-02
2.729546092450618744e-02
3.087805956602096558e-02
2.316930890083312988e-02
2.709578722715377808e-02
1.904688961803913116e-02
2.331720106303691864e-02
1.492755860090255737e-02
1.954172365367412567e-02
1.081068161875009537e-02
1.576877012848854065e-02
6.695622578263282776e-03
1.199776399880647659e-02
2.581746550276875496e-03
8.228127844631671906e-03
-1.531579066067934036e-03
4.459284711629152298e-03
