-0.004638671875000000000
-0.000305175781250000000
-0.001098632812500000000
-0.000183105468750000000
-0.000305175781250000000
-0.000183105468750000000
-0.000061035156250000000
0.000122070312500000000
-0.000427246093750000000
0.000122070312500000000
-0.000183105468750000000
0.000244140625000000000
-0.000366210937500000000
0.000000000000000000000
-0.000305175781250000000
0.000000000000000000000
-0.000183105468750000000
0.000000000000000000000
0.000061035156250000000
0.000061035156250000000
0.000000000000000000000
-0.000305175781250000000
-0.000244140625000000000
0.000183105468750000000
-0.000122070312500000000
-0.000122070312500000000
-0.000061035156250000000
0.000000000000000000000
0.000000000000000000000
-0.000061035156250000000
0.000000000000000000000
0.000000000000000000000
-0.000122070312500000000
0.000122070312500000000
-0.000061035156250000000
0.000000000000000000000
0.000000000000000000000
0.000000000000000000000
0.000000000000000000000
0.000061035156250000000
-0.000122070312500000000
-0.000061035156250000000
-0.000122070312500000000
-0.000061035156250000000
0.000061035156250000000
-0.000061035156250000000
0.000000000000000000000
-0.000061035156250000000
-0.000122070312500000000
-0.000122070312500000000
-0.000061035156250000000
0.000000000000000000000
-0.000305175781250000000
-0.000183105468750000000
0.000000000000000000000
0.000122070312500000000
0.000000000000000000000
-0.000061035156250000000
-0.000061035156250000000
-0.000122070312500000000
-0.000183105468750000000
0.000183105468750000000
-0.000061035156250000000
0.000183105468750000000
0.000183105468750000000
0.000122070312500000000
0.000061035156250000000
0.000183105468750000000
0.000000000000000000000
0.000122070312500000000
0.000305175781250000000
0.000183105468750000000
0.000122070312500000000
0.000122070312500000000
0.000122070312500000000
0.000183105468750000000
0.000000000000000000000
-0.000122070312500000000
-0.000122070312500000000
0.000183105468750000000
0.000061035156250000000
0.000061035156250000000
0.000122070312500000000
0.000000000000000000000
-0.000122070312500000000
0.000061035156250000000
0.000000000000000000000
0.000122070312500000000
-0.000122070312500000000
-0.000061035156250000000
0.000122070312500000000
0.000000000000000000000
0.000061035156250000000
0.000183105468750000000
0.000122070312500000000
0.000183105468750000000
0.000122070312500000000
0.000183105468750000000
0.000061035156250000000
-0.000061035156250000000
-0.000061035156250000000
0.000000000000000000000
-0.000122070312500000000
0.000427246093750000000
0.000122070312500000000
0.000122070312500000000
0.000183105468750000000
-0.000122070312500000000
0.000183105468750000000
0.000000000000000000000
0.000061035156250000000
0.000122070312500000000
0.000000000000000000000
0.000000000000000000000
-0.000061035156250000000
0.000061035156250000000
-0.000244140625000000000
0.000122070312500000000
0.000183105468750000000
0.000305175781250000000
0.000000000000000000000
0.000061035156250000000
-0.000061035156250000000
0.000244140625000000000
0.000061035156250000000
-0.000061035156250000000
-0.000061035156250000000
-0.000061035156250000000
0.000000000000000000000
0.000000000000000000000
0.000122070312500000000
0.000244140625000000000
0.000122070312500000000
-0.000183105468750000000
0.000061035156250000000
0.000000000000000000000
-0.000061035156250000000
0.000061035156250000000
0.000122070312500000000
0.000061035156250000000
0.000122070312500000000
0.000000000000000000000
-0.000061035156250000000
0.000061035156250000000
0.000000000000000000000
-0.000183105468750000000
0.000183105468750000000
-0.000061035156250000000
-0.000061035156250000000
-0.000122070312500000000
0.000000000000000000000
0.000061035156250000000
0.000061035156250000000
0.000122070312500000000
0.000183105468750000000
0.000000000000000000000
-0.000061035156250000000
-0.000183105468750000000
-0.000244140625000000000
0.000244140625000000000
0.000183105468750000000
0.000061035156250000000
0.000061035156250000000
0.000000000000000000000
-0.000122070312500000000
0.000183105468750000000
0.000061035156250000000
0.000122070312500000000
0.000000000000000000000
0.000000000000000000000
0.000000000000000000000
0.000061035156250000000
0.000122070312500000000
0.000244140625000000000
0.000183105468750000000
0.000061035156250000000
-0.000244140625000000000
0.000122070312500000000
0.000000000000000000000
0.000122070312500000000
0.000000000000000000000
-0.000061035156250000000
-0.000122070312500000000
0.000061035156250000000
0.000000000000000000000
0.000244140625000000000
0.000000000000000000000
0.000061035156250000000
-0.000061035156250000000
0.000000000000000000000
0.000000000000000000000
0.000122070312500000000
0.000061035156250000000
0.000183105468750000000
-0.000122070312500000000
-0.000122070312500000000
0.000061035156250000000
0.000122070312500000000
-0.000122070312500000000
0.000122070312500000000
0.000000000000000000000
0.000122070312500000000
0.000183105468750000000
0.000000000000000000000
0.000000000000000000000
0.000061035156250000000
0.000000000000000000000
-0.000061035156250000000
0.000061035156250000000
-0.000122070312500000000
0.000061035156250000000
0.000000000000000000000
0.000000000000000000000
0.000122070312500000000
0.000061035156250000000
-0.000183105468750000000
0.000000000000000000000
-0.000061035156250000000
-0.000122070312500000000
0.000061035156250000000
0.000061035156250000000
0.000000000000000000000
0.000000000000000000000
0.000000000000000000000
0.000183105468750000000
0.000122070312500000000
0.000061035156250000000
-0.000061035156250000000
-0.000061035156250000000
0.000122070312500000000
0.000061035156250000000
0.000122070312500000000
0.000122070312500000000
0.000061035156250000000
0.000061035156250000000
-0.000122070312500000000
-0.000061035156250000000
-0.000061035156250000000
0.000122070312500000000
-0.000061035156250000000
0.000122070312500000000
-0.000061035156250000000
-0.000122070312500000000
0.000183105468750000000
0.000000000000000000000
0.000122070312500000000
-0.000061035156250000000
0.000061035156250000000
-0.000061035156250000000
-0.000244140625000000000
-0.000061035156250000000
0.000000000000000000000
0.000061035156250000000
-0.000122070312500000000
0.000000000000000000000
0.000000000000000000000
1531.888427734375000000000
382.971984863281250000000
574.458007812500000000000
191.486083984375000000000
191.486267089843750000000
574.457885742187500000000
1914.860107421875000000000
382.972106933593750000000
191.486267089843750000000
382.972045898437500000000
957.429992675781250000000
2106.346191406250000000000
1723.374023437500000000000
3638.233886718750000000000
3638.233886718750000000000
3255.261718750000000000000
957.430114746093750000000
382.971862792968750000000
765.944030761718750000000
382.972106933593750000000
191.486022949218750000000
0.000000000000000000000
1914.860229492187500000000
3446.747802734375000000000
1531.888061523437500000000
191.486206054687500000000
382.971984863281250000000
0.000000000000000000000
574.458190917968750000000
382.972106933593750000000
191.486206054687500000000
3255.261962890625000000000
2489.317871093750000000000
957.429992675781250000000
957.430114746093750000000
1340.401977539062500000000
574.458251953125000000000
1340.402099609375000000000
957.430175781250000000000
3638.234130859375000000000
382.972045898437500000000
574.457946777343750000000
382.972106933593750000000
382.972167968750000000000
574.458007812500000000000
957.429870605468750000000
2297.832275390625000000000
2872.290283203125000000000
1723.373901367187500000000
957.430053710937500000000
1531.888305664062500000000
2106.346191406250000000000
1148.916137695312500000000
574.458251953125000000000
957.430053710937500000000
191.486206054687500000000
382.972045898437500000000
191.486083984375000000000
191.485839843750000000000
1723.374023437500000000000
191.485900878906250000000
191.486083984375000000000
574.458190917968750000000
574.458129882812500000000
191.485900878906250000000
1531.888183593750000000000
2297.832031250000000000000
1148.916015625000000000000
0.000122070312500000000
574.458068847656250000000
1148.916137695312500000000
191.485778808593750000000
382.971923828125000000000
382.972045898437500000000
1148.916015625000000000000
1148.916137695312500000000
957.429992675781250000000
2489.317871093750000000000
191.486083984375000000000
4212.692382812500000000000
5553.094238281250000000000
5744.580078125000000000000
2680.804199218750000000000
1148.916015625000000000000
957.430175781250000000000
957.430053710937500000000
1531.887939453125000000000
1914.860107421875000000000
1340.401855468750000000000
382.971923828125000000000
-0.000122070312500000000
191.486022949218750000000
191.485778808593750000000
191.485839843750000000000
574.457885742187500000000
-0.000061035156250000000
765.943908691406250000000
-0.000061035156250000000
382.972106933593750000000
1148.916259765625000000000
0.000061035156250000000
1340.401855468750000000000
574.457946777343750000000
1914.859863281250000000000
957.429992675781250000000
765.943908691406250000000
957.430114746093750000000
765.944152832031250000000
574.458068847656250000000
574.458007812500000000000
191.486022949218750000000
574.458007812500000000000
382.972045898437500000000
574.458068847656250000000
574.457885742187500000000
191.486022949218750000000
1723.373779296875000000000
1148.916137695312500000000
191.485839843750000000000
1148.916259765625000000000
1148.916259765625000000000
765.944213867187500000000
574.457946777343750000000
-0.000061035156250000000
574.458007812500000000000
191.486267089843750000000
1723.373901367187500000000
2872.290283203125000000000
957.430053710937500000000
191.486022949218750000000
1340.402343750000000000000
382.971923828125000000000
574.458068847656250000000
1148.916137695312500000000
765.944213867187500000000
382.972167968750000000000
1340.402099609375000000000
1723.373779296875000000000
-0.000122070312500000000
191.485961914062500000000
957.430175781250000000000
1148.916015625000000000000
382.971923828125000000000
574.458068847656250000000
1340.402099609375000000000
2297.832031250000000000000
382.972106933593750000000
957.430053710937500000000
382.971984863281250000000
765.944030761718750000000
191.485900878906250000000
2106.346191406250000000000
574.458068847656250000000
765.943908691406250000000
957.429870605468750000000
1148.916015625000000000000
574.457946777343750000000
191.486083984375000000000
191.486083984375000000000
191.486022949218750000000
765.943969726562500000000
1723.373779296875000000000
574.458129882812500000000
382.972106933593750000000
957.430236816406250000000
574.458129882812500000000
765.944152832031250000000
1914.860107421875000000000
765.943908691406250000000
191.485900878906250000000
191.486206054687500000000
0.000000000000000000000
574.457824707031250000000
191.485839843750000000000
957.430053710937500000000
574.458007812500000000000
-0.000061035156250000000
191.486145019531250000000
191.486145019531250000000
2872.290283203125000000000
2872.290283203125000000000
765.944030761718750000000
382.972106933593750000000
1531.888183593750000000000
1914.860107421875000000000
1340.402099609375000000000
765.944030761718750000000
1531.888183593750000000000
-0.000122070312500000000
1723.373779296875000000000
2489.317871093750000000000
2489.317871093750000000000
191.486022949218750000000
1148.916015625000000000000
574.458007812500000000000
382.972045898437500000000
957.429931640625000000000
1148.916015625000000000000
191.486083984375000000000
191.486145019531250000000
191.486083984375000000000
574.458190917968750000000
1148.916015625000000000000
1723.373779296875000000000
765.944152832031250000000
2106.345947265625000000000
1531.888183593750000000000
191.486022949218750000000
2872.290039062500000000000
2297.832031250000000000000
1148.916015625000000000000
0.000000000000000000000
1340.402221679687500000000
574.458068847656250000000
765.944274902343750000000
191.486145019531250000000
765.944152832031250000000
2489.317871093750000000000
1340.402221679687500000000
-0.000122070312500000000
1531.888183593750000000000
2297.832031250000000000000
1531.888427734375000000000
1914.860351562500000000000
2489.317626953125000000000
1723.373901367187500000000
765.944091796875000000000
765.944274902343750000000
3638.234130859375000000000
2680.804199218750000000000
1723.373779296875000000000
1148.916381835937500000000
765.944030761718750000000
191.486206054687500000000
382.972167968750000000000
191.486145019531250000000
1531.888183593750000000000
2106.346191406250000000000
382.972045898437500000000
765.944152832031250000000
1340.402099609375000000000
0.000122070312500000000
574.458190917968750000000
2297.832031250000000000000
957.430114746093750000000
765.944030761718750000000
574.458190917968750000000
2489.317871093750000000000
765.944213867187500000000
-0.000061035156250000000
574.458190917968750000000
574.458129882812500000000
1531.888183593750000000000
574.458068847656250000000
0.000244140625000000000
765.944213867187500000000
1340.402099609375000000000
191.485900878906250000000
1148.916015625000000000000
2297.832275390625000000000
574.458129882812500000000
-0.000183105468750000000
191.486022949218750000000
1148.916015625000000000000
1148.916137695312500000000
382.972045898437500000000
957.429931640625000000000
1148.916015625000000000000
0.000183105468750000000
1148.916015625000000000000
765.943908691406250000000
765.944152832031250000000
574.458190917968750000000
765.944030761718750000000
382.972106933593750000000
-0.000122070312500000000
957.429931640625000000000
1531.887939453125000000000
191.485900878906250000000
765.944030761718750000000
191.486145019531250000000
1723.373779296875000000000
2489.317871093750000000000
1340.402099609375000000000
191.485961914062500000000
1340.401977539062500000000
1340.402099609375000000000
765.944152832031250000000
191.486083984375000000000
765.944091796875000000000
765.944030761718750000000
1148.916015625000000000000
1723.373779296875000000000
191.485961914062500000000
2106.346191406250000000000
2106.346435546875000000000
1723.373779296875000000000
191.486206054687500000000
1340.402099609375000000000
2680.804199218750000000000
2106.346191406250000000000
191.486083984375000000000
1148.916015625000000000000
1531.888183593750000000000
1148.916015625000000000000
1340.401977539062500000000
2297.832275390625000000000
957.429870605468750000000
191.486022949218750000000
957.429809570312500000000
1148.916259765625000000000
574.458312988281250000000
1340.402099609375000000000
191.485961914062500000000
1148.916015625000000000000
2106.346435546875000000000
1148.916015625000000000000
957.430114746093750000000
191.486145019531250000000
574.458007812500000000000
191.485900878906250000000
382.972290039062500000000
1148.916259765625000000000
957.430053710937500000000
574.457946777343750000000
957.430114746093750000000
1148.916137695312500000000
1340.401855468750000000000
191.485961914062500000000
765.944091796875000000000
1340.402099609375000000000
765.943847656250000000000
191.486083984375000000000
957.429992675781250000000
1340.402099609375000000000
765.943969726562500000000
2489.317871093750000000000
765.944152832031250000000
1914.860107421875000000000
2680.804199218750000000000
191.486022949218750000000
0.000061035156250000000
382.971923828125000000000
0.000244140625000000000
957.430053710937500000000
0.000000000000000000000
382.971862792968750000000
191.485900878906250000000
1914.859863281250000000000
957.429809570312500000000
382.972106933593750000000
382.971801757812500000000
765.944152832031250000000
382.971923828125000000000
574.458007812500000000000
191.486022949218750000000
765.943969726562500000000
765.944030761718750000000
-0.000244140625000000000
2106.345947265625000000000
3446.747558593750000000000
2489.317871093750000000000
2106.346191406250000000000
2297.832275390625000000000
1531.887939453125000000000
957.430236816406250000000
957.429931640625000000000
1723.373779296875000000000
382.971984863281250000000
765.944030761718750000000
382.971740722656250000000
0.000061035156250000000
0.000122070312500000000
765.944030761718750000000
1340.402099609375000000000
1723.373779296875000000000
2489.317871093750000000000
1340.402221679687500000000
191.486083984375000000000
1531.888183593750000000000
1340.401977539062500000000
957.429870605468750000000
0.000122070312500000000
191.486145019531250000000
0.000000000000000000000
765.944091796875000000000
2297.832031250000000000000
2872.290039062500000000000
2297.832275390625000000000
1148.916015625000000000000
1531.888183593750000000000
1723.373779296875000000000
574.458007812500000000000
765.943969726562500000000
1723.374023437500000000000
-0.000244140625000000000
1148.916137695312500000000
574.458068847656250000000
0.000000000000000000000
574.457946777343750000000
191.486083984375000000000
191.486022949218750000000
0.000061035156250000000
2106.345947265625000000000
1531.887939453125000000000
1340.401977539062500000000
2297.832275390625000000000
382.972045898437500000000
0.000061035156250000000
0.000061035156250000000
1340.401855468750000000000
1531.887939453125000000000
191.486083984375000000000
1148.916137695312500000000
574.457946777343750000000
382.972045898437500000000
1148.916015625000000000000
-0.000061035156250000000
957.429870605468750000000
191.485839843750000000000
574.458007812500000000000
191.485961914062500000000
382.971984863281250000000
1340.401855468750000000000
1531.888183593750000000000
2106.345947265625000000000
2872.290039062500000000000
2297.832031250000000000000
-0.000183105468750000000
1531.887939453125000000000
1723.373779296875000000000
-0.000183105468750000000
574.457824707031250000000
1723.373779296875000000000
2297.832031250000000000000
2106.346191406250000000000
1340.402099609375000000000
1148.916015625000000000000
574.457946777343750000000
1340.402099609375000000000
1340.401977539062500000000
1148.916015625000000000000
957.429931640625000000000
2680.804199218750000000000
1340.402099609375000000000
1723.374023437500000000000
0.000061035156250000000
1914.859985351562500000000
1340.402099609375000000000
2106.345947265625000000000
191.486022949218750000000
574.458129882812500000000
382.971923828125000000000
957.429809570312500000000
1340.401855468750000000000
765.944030761718750000000
382.971923828125000000000
382.971984863281250000000
382.971923828125000000000
1340.402221679687500000000
765.944152832031250000000
574.457946777343750000000
1531.887939453125000000000
765.943969726562500000000
191.485961914062500000000
191.486145019531250000000
2297.832519531250000000000
2106.345947265625000000000
574.457824707031250000000
1531.888183593750000000000
2489.317871093750000000000
1723.373779296875000000000
1340.402099609375000000000
1723.373657226562500000000
2297.832275390625000000000
0.000000000000000000000
382.972106933593750000000
2297.832031250000000000000
1531.888183593750000000000
765.943969726562500000000
1340.402099609375000000000
0.000000000000000000000
1148.915893554687500000000
574.457824707031250000000
191.485961914062500000000
1148.916015625000000000000
191.485900878906250000000
765.943969726562500000000
957.430053710937500000000
1723.373779296875000000000
765.943969726562500000000
2872.290039062500000000000
2106.346191406250000000000
765.944030761718750000000
765.943908691406250000000
574.458190917968750000000
382.971923828125000000000
765.944152832031250000000
191.486022949218750000000
1531.887939453125000000000
1723.373779296875000000000
1340.401855468750000000000
191.486145019531250000000
382.972106933593750000000
191.486267089843750000000
1340.402099609375000000000
2872.290039062500000000000
1531.888061523437500000000
382.972106933593750000000
191.485961914062500000000
1148.915893554687500000000
574.458007812500000000000
0.000000000000000000000
-0.000183105468750000000
-0.000061035156250000000
0.000000000000000000000
-0.000244140625000000000
-0.000122070312500000000
-0.000244140625000000000
0.000183105468750000000
-0.000122070312500000000
0.000000000000000000000
0.000000000000000000000
-0.000061035156250000000
-0.000061035156250000000
-0.000061035156250000000
0.000061035156250000000
-0.000122070312500000000
-0.000183105468750000000
-0.000061035156250000000
0.000061035156250000000
-0.000061035156250000000
-0.000061035156250000000
-0.000183105468750000000
-0.000183105468750000000
-0.000305175781250000000
-0.000183105468750000000
-0.000061035156250000000
-0.000122070312500000000
0.000061035156250000000
0.000000000000000000000
-0.000122070312500000000
-0.000061035156250000000
0.000000000000000000000
-0.000061035156250000000
-0.000061035156250000000
-0.000061035156250000000
-0.000061035156250000000
-0.000183105468750000000
-0.000061035156250000000
0.000000000000000000000
-0.000061035156250000000
-0.000061035156250000000
-0.000122070312500000000
0.000000000000000000000
-0.000305175781250000000
-0.000122070312500000000
-0.000122070312500000000
0.000122070312500000000
0.000000000000000000000
-0.000061035156250000000
-0.000061035156250000000
0.000061035156250000000
-0.000122070312500000000
-0.000061035156250000000
-0.000183105468750000000
0.000061035156250000000
-0.000183105468750000000
-0.000183105468750000000
-0.000183105468750000000
0.000000000000000000000
-0.000183105468750000000
-0.000061035156250000000
-0.000061035156250000000
-0.000061035156250000000
0.000061035156250000000
0.000000000000000000000
0.000061035156250000000
-0.000244140625000000000
-0.000122070312500000000
-0.000122070312500000000
-0.000061035156250000000
-0.000244140625000000000
-0.000305175781250000000
0.000000000000000000000
-0.000183105468750000000
-0.000122070312500000000
-0.000122070312500000000
0.000000000000000000000
-0.000122070312500000000
0.000122070312500000000
0.000244140625000000000
-0.000183105468750000000
-0.000183105468750000000
-0.000122070312500000000
-0.000183105468750000000
-0.000061035156250000000
-0.000122070312500000000
-0.000244140625000000000
-0.000122070312500000000
-0.000183105468750000000
-0.000122070312500000000
0.000061035156250000000
0.000000000000000000000
-0.000061035156250000000
-0.000183105468750000000
-0.000183105468750000000
-0.000244140625000000000
-0.000122070312500000000
-0.000244140625000000000
-0.000183105468750000000
-0.000183105468750000000
-0.000122070312500000000
-0.000061035156250000000
0.000000000000000000000
-0.000244140625000000000
0.000061035156250000000
-0.000061035156250000000
-0.000061035156250000000
-0.000061035156250000000
-0.000122070312500000000
0.000000000000000000000
-0.000244140625000000000
-0.000061035156250000000
-0.000061035156250000000
-0.000183105468750000000
0.000000000000000000000
-0.000061035156250000000
-0.000122070312500000000
-0.000061035156250000000
-0.000183105468750000000
0.000000000000000000000
-0.000305175781250000000
-0.000183105468750000000
0.000000000000000000000
0.000000000000000000000
-0.000183105468750000000
0.000122070312500000000
0.000000000000000000000
-0.000183105468750000000
-0.000122070312500000000
-0.000122070312500000000
-0.000183105468750000000
-0.000183105468750000000
-0.000183105468750000000
-0.000122070312500000000
-0.000244140625000000000
0.000000000000000000000
-0.000122070312500000000
-0.000122070312500000000
-0.000061035156250000000
-0.000183105468750000000
0.000061035156250000000
0.000000000000000000000
-0.000183105468750000000
-0.000122070312500000000
-0.000244140625000000000
-0.000122070312500000000
0.000000000000000000000
-0.000122070312500000000
-0.000183105468750000000
-0.000305175781250000000
-0.000305175781250000000
-0.000305175781250000000
-0.000183105468750000000
-0.000183105468750000000
-0.000122070312500000000
-0.000183105468750000000
-0.000122070312500000000
-0.000244140625000000000
-0.000061035156250000000
-0.000183105468750000000
-0.000122070312500000000
-0.000305175781250000000
-0.000122070312500000000
-0.000061035156250000000
-0.000183105468750000000
-0.000061035156250000000
-0.000427246093750000000
-0.000244140625000000000
-0.000122070312500000000
0.000000000000000000000
-0.000061035156250000000
-0.000305175781250000000
-0.000183105468750000000
-0.000305175781250000000
-0.000061035156250000000
-0.000305175781250000000
-0.000061035156250000000
-0.000244140625000000000
-0.000427246093750000000
-0.000366210937500000000
-0.000183105468750000000
-0.000122070312500000000
-0.000366210937500000000
-0.000549316406250000000
-0.000183105468750000000
-0.000183105468750000000
-0.000061035156250000000
-0.000366210937500000000
-0.000183105468750000000
-0.000366210937500000000
-0.000122070312500000000
-0.000366210937500000000
-0.000122070312500000000
-0.000061035156250000000
-0.000183105468750000000
-0.000183105468750000000
-0.000183105468750000000
-0.000122070312500000000
-0.000305175781250000000
-0.000305175781250000000
-0.000244140625000000000
-0.000244140625000000000
-0.000122070312500000000
-0.000305175781250000000
0.000000000000000000000
-0.000305175781250000000
-0.000244140625000000000
-0.000244140625000000000
-0.000122070312500000000
-0.000244140625000000000
-0.000366210937500000000
-0.000427246093750000000
-0.000244140625000000000
-0.000427246093750000000
-0.000305175781250000000
-0.000488281250000000000
-0.000366210937500000000
-0.000366210937500000000
-0.000427246093750000000
-0.000244140625000000000
-0.000244140625000000000
-0.000183105468750000000
-0.000366210937500000000
-0.000549316406250000000
-0.000122070312500000000
-0.000366210937500000000
-0.000244140625000000000
-0.000366210937500000000
-0.000366210937500000000
-0.000366210937500000000
-0.000305175781250000000
-0.000610351562500000000
-0.000244140625000000000
-0.000427246093750000000
-0.000427246093750000000
-0.000732421875000000000
-0.000305175781250000000
-0.000305175781250000000
-0.000549316406250000000
-0.000671386718750000000
-0.000427246093750000000
-0.000488281250000000000
-0.000427246093750000000
-0.000671386718750000000
-0.000610351562500000000
-0.000671386718750000000
-0.000549316406250000000
-0.001098632812500000000
-0.000610351562500000000
-0.001342773437500000000
-0.001098632812500000000
-0.001647949218750000000
-0.000488281250000000000
-0.001464843750000000000
-0.001953125000000000000
-0.004028320312500000000
