520
510
509
511
513
515
502
510
511
514
507
501
521
531
531
529
517
514
516
514
513
512
502
494
504
513
510
512
515
510
513
529
525
517
517
519
509
505
517
531
514
509
510
510
509
507
500
497
503
507
520
523
518
515
517
511
510
511
513
521
513
511
515
515
511
504
500
506
512
515
518
513
510
514
506
506
507
499
513
534
541
542
498
506
517
517
504
502
505
510
512
513
511
513
515
512
508
512
514
518
512
519
515
522
517
508
507
508
515
515
513
515
514
515
515
511
503
506
511
518
518
516
515
512
515
513
503
497
507
513
519
510
515
518
516
514
505
503
512
513
517
518
514
515
519
524
514
507
510
508
513
523
515
508
507
506
509
511
511
511
516
521
515
510
517
515
508
502
508
513
513
512
515
513
517
515
512
511
513
527
527
516
510
504
502
505
508
504
512
521
525
525
513
506
509
514
507
506
511
513
513
515
518
521
508
501
504
513
527
524
506
512
519
515
508
511
516
525
519
512
504
500
504
502
499
503
508
516
531
526
521
518
516
513
514
511
504
501
514
516
519
512
515
524
517
516
509
499
508
512
515
515
520
515
512
508
505
511
518
524
515
512
511
506
506
510
507
506
512
518
516
516
515
516
514
512
507
504
513
516
513
521
525
519
511
505
505
508
513
516
516
506
503
513
523
523
521
511
519
526
523
511
506
504
506
505
500
507
513
517
518
515
505
511
518
523
518
517
511
515
511
510
518
517
515
517
506
505
511
516
519
516
511
507
505
508
499
508
522
526
513
512
510
512
517
512
510
511
502
507
510
514
508
510
515
513
508
508
512
523
530
525
523
524
520
517
507
503
514
516
514
512
512
508
505
503
499
505
511
520
519
517
512
513
512
508
500
497
500
518
520
521
515
516
521
512
506
515
512
515
513
511
512
523
520
505
500
510
512
512
519
520
513
506
515
514
506
512
517
511
509
513
510
505
504
501
497
500
512
520
521
512
515
521
524
523
519
518
515
519
519
518
507
498
505
503
512
522
519
523
513
515
514
517
519
516
510
514
510
505
508
515
520
516
511
511
500
501
509
520
525
521
519
503
500
512
514
524
520
516
519
512
506
509
513
506
511
508
507
503
508
527
523
516
516
509
510
508
511
520
521
519
511
510
511
505
497
504
510
513
518
515
