0.005648
0.000687
0.009761
0.003080
0.013875
0.006850
0.017993
0.010621
0.022113
0.014394
0.026236
0.018170
0.030363
0.021950
0.034495
0.025733
0.038632
0.029521
0.042775
0.033313
0.046924
0.037112
0.051081
0.040916
0.055244
0.044728
0.059417
0.048547
0.063599
0.052373
0.067791
0.056209
0.071993
0.060054
0.076206
0.063909
0.080432
0.067774
0.084670
0.071651
0.088921
0.075540
0.093187
0.079441
0.097467
0.083356
0.101763
0.087284
0.106076
0.091228
0.110405
0.095186
0.114753
0.099162
0.119120
0.103153
0.123506
0.107162
0.127913
0.111191
0.132341
0.115238
0.136791
0.119305
0.141265
0.123393
0.145762
0.127503
0.150285
0.131636
0.154834
0.135792
0.159409
0.139973
0.164013
0.144179
0.168646
0.148412
0.173309
0.152672
0.178004
0.156960
0.182731
0.161278
0.187491
0.165627
0.192287
0.170007
0.197118
0.174420
0.201987
0.178867
0.206895
0.183349
0.211842
0.187868
0.216831
0.192424
0.221863
0.197020
0.226939
0.201657
0.232062
0.206336
0.237232
0.211058
0.242451
0.215825
0.247721
0.220640
0.253044
0.225502
0.258422
0.230416
0.263857
0.235381
0.269350
0.240400
0.274904
0.245475
0.280521
0.250608
0.286203
0.255802
0.291953
0.261058
0.297773
0.266379
0.303665
0.271768
0.309634
0.277226
0.315680
0.282756
0.321808
0.288363
0.328020
0.294048
0.334319
0.299814
0.340710
0.305666
0.347195
0.311606
0.353779
0.317637
0.360465
0.323765
0.367257
0.329993
0.374161
0.336326
0.381180
0.342766
0.388320
0.349321
0.395586
0.355995
0.402983
0.362793
0.410517
0.369721
0.418195
0.376786
0.426023
0.383993
0.434008
0.391350
0.442156
0.398865
0.450478
0.406546
0.458981
0.414400
0.467674
0.422438
0.476566
0.430670
0.485670
0.439105
0.494994
0.447757
0.504554
0.456638
0.514359
0.465760
0.524426
0.475140
0.534770
0.484794
0.545407
0.494739
0.556355
0.504995
0.567635
0.515584
0.579268
0.526529
0.591277
0.537856
0.603690
0.549594
0.616534
0.561777
0.629843
0.574439
0.643650
0.587623
0.657997
0.601373
0.672927
0.615742
0.688490
0.630790
0.704742
0.646584
0.721748
0.663204
0.739580
0.680741
0.758321
0.699301
0.778068
0.719013
0.798934
0.740028
0.821050
0.762527
0.844574
0.786734
0.869691
0.812927
0.896627
0.841452
0.925660
0.872758
0.957134
0.907435
0.991484
0.946280
1.029275
0.990409
1.071257
1.041459
1.118462
1.101975
1.172367
1.176241
1.235236
1.272376
1.310855
1.408892
1.406634
1.645013
1.542272
2.445876
2.374872
1.026431
1.730478
1.252224
2.012575
2.407227
2.618513
0.622095
2.222964
1.906922
3.456551
2.928518
3.272200
4.149224
3.623640
3.319029
1.597816
0.380262
0.819629
0.470803
0.878565
1.654172
3.398605
3.383216
1.811039
0.357147
0.660360
0.525615
1.672289
0.728177
2.908370
3.760947
2.436879
0.981262
1.359383
1.310926
1.177222
1.430940
2.080400
3.557592
1.471577
0.870770
0.378540
1.173839
1.175834
2.137923
2.809159
2.829633
1.795976
0.943869
1.607443
2.063564
1.444125
0.587632
0.965892
0.397799
0.560405
0.187941
1.364652
1.730572
0.327686
0.840363
1.006073
0.876008
1.302164
2.386993
2.284688
1.261795
0.211329
1.265390
1.244689
0.425173
1.357590
1.317471
2.371332
1.434291
2.771572
2.637995
2.453230
5.736051
5.514376
5.768116
4.306769
1.988522
1.636610
1.011979
1.560655
2.033293
2.171190
1.455771
0.903049
0.375029
0.475534
0.213206
0.599230
0.058979
0.799859
0.267266
1.209483
1.129690
0.634599
1.438957
0.735131
1.954903
1.180432
0.780807
0.960009
0.756222
0.595392
0.563925
0.187045
0.716113
0.383858
0.867992
0.564455
1.073241
1.899951
1.216033
0.356474
1.355282
1.126927
0.749660
0.605397
0.433680
0.885612
1.057686
2.560952
2.807469
1.539053
0.306457
1.322081
0.546306
0.928357
1.130708
0.749308
0.481015
1.677459
1.826852
0.441465
0.573709
1.275389
1.126224
0.481030
0.821518
1.891800
2.295467
0.590071
0.935081
0.378154
0.752732
0.848689
2.127394
0.936379
0.928313
0.935917
1.122775
0.844694
0.201270
0.236676
0.717460
1.305810
1.722203
0.757163
0.720895
0.986955
0.615944
1.151488
1.887364
1.192452
0.187249
0.204264
0.652203
0.766584
0.719908
1.297138
0.563123
0.827377
1.010963
2.349067
3.611566
2.837209
1.029695
0.900547
1.824165
1.910149
1.373291
0.911774
1.499932
0.460208
2.337163
2.468859
2.640993
1.068606
1.160322
0.973671
0.609248
0.956658
1.123296
0.512277
0.620193
0.537646
1.452293
1.569220
1.846862
0.842520
2.487766
1.802233
1.419626
2.959832
2.336184
1.747577
0.100311
1.330776
0.587996
0.790928
0.369008
1.821109
2.567061
1.547456
0.658787
2.189960
2.302082
1.500173
2.030418
2.440054
1.806247
0.969401
1.630152
3.632891
3.027056
2.149592
1.812588
1.382668
0.845290
0.419949
0.260320
1.795943
2.254136
0.947636
0.762363
1.398885
0.686281
1.379456
2.246769
1.222022
0.860765
0.732083
2.432073
2.020281
0.139893
0.608231
0.682457
1.509702
1.053155
0.016211
0.980044
1.325303
0.273944
1.571326
2.318520
1.428128
0.355066
0.435219
1.221613
1.187265
0.425137
1.031731
1.290999
0.006691
1.190112
0.811094
0.748041
0.576138
0.750093
0.477700
0.493537
1.413448
1.502346
0.199973
0.916296
0.699252
2.401145
2.436779
1.580147
0.277684
1.497065
1.423167
0.791217
0.257548
1.144382
0.753962
1.689164
1.738077
0.772236
2.311718
2.056992
1.893116
0.254451
1.761114
2.633838
2.530184
0.769617
1.197583
1.518665
1.171514
1.326722
2.324141
1.840143
0.479157
0.939123
1.262361
0.584934
1.345966
0.537040
1.468015
2.132921
1.421968
1.408053
0.699559
0.632818
0.414445
0.569659
1.142235
0.990001
0.561624
0.953581
1.123097
1.405020
0.583019
0.971720
1.334212
0.850466
0.209573
1.322013
1.334608
1.106953
2.431494
1.015876
1.986498
3.074495
2.109734
0.388045
0.822057
0.111776
0.976038
0.311272
0.401699
0.730091
1.951449
1.363942
0.404570
0.375458
0.771598
0.394028
0.668567
0.271851
1.325695
0.754899
1.578662
3.087192
3.440551
2.536537
2.068542
2.463768
1.889290
1.497751
0.952595
1.997785
1.172466
0.915117
0.931557
0.316544
0.370384
1.157598
1.446792
1.767248
2.445579
2.076831
0.295797
1.496980
1.517917
1.384775
0.743230
0.202799
0.365672
1.748387
2.514301
2.805288
2.574661
1.476049
1.572272
2.053020
1.502605
0.749793
2.071936
1.095654
1.138618
1.578016
0.266346
0.745370
0.298888
0.277253
0.984249
2.257497
1.664751
1.326141
2.509290
1.765118
0.558019
0.103101
1.465905
1.805004
0.516826
1.124981
1.060151
0.410584
1.245892
0.305302
0.941336
0.473869
0.699640
0.212657
1.330594
1.547396
1.795575
2.137308
2.813441
2.975070
0.773563
1.542756
2.025713
0.858909
1.048991
1.753401
2.251417
2.351954
1.528204
1.645828
0.605716
1.345622
1.329229
1.425013
1.102139
2.695882
1.639682
2.243848
0.703075
1.870438
1.629614
2.400050
2.043600
0.698494
1.033174
0.939230
1.689185
1.218168
1.058599
0.539360
0.417810
1.310371
1.291650
0.610625
1.587743
1.103523
0.641653
0.935204
2.380915
2.312173
0.863508
1.615645
2.505820
2.024512
1.642756
1.743420
2.922551
2.038966
0.439874
2.287830
2.409832
1.352423
2.018259
1.365905
1.206574
1.857860
0.290177
1.504266
0.673814
0.815633
0.937268
1.825395
0.781140
2.808191
3.190146
1.990197
1.704850
1.580493
1.079194
1.310056
0.676509
1.501585
2.161666
2.234283
1.865121
0.935558
0.844101
1.393080
3.135704
3.013839
2.469384
1.326573
1.933591
2.333785
1.945520
1.592904
1.539258
1.375745
1.378395
1.247197
1.272523
1.156193
1.192551
1.085857
1.127994
1.028562
1.073762
0.980232
1.026962
0.938434
0.985780
0.901605
0.949000
0.868682
0.915766
0.838909
0.885450
0.811729
0.857577
0.786722
0.831781
0.763563
0.807772
0.741992
0.785316
0.721802
0.764223
0.702824
0.744336
0.684918
0.725522
0.667967
0.707670
0.651871
0.690684
0.636546
0.674484
0.621920
0.658998
0.607930
0.644164
0.594520
0.629929
0.581643
0.616243
0.569257
0.603066
0.557323
0.590359
0.545808
0.578088
0.534683
0.566222
0.523919
0.554736
0.513494
0.543603
0.503385
0.532802
0.493572
0.522311
0.484037
0.512113
0.474763
0.502190
0.465736
0.492525
0.456941
0.483106
0.448364
0.473918
0.439996
0.464950
0.431825
0.456190
0.423839
0.447626
0.416031
0.439251
0.408391
0.431053
0.400911
0.423025
0.393584
0.415159
0.386403
0.407447
0.379360
0.399882
0.372449
0.392458
0.365666
0.385169
0.359003
0.378008
0.352457
0.370970
0.346021
0.364050
0.339692
0.357244
0.333465
0.350546
0.327337
0.343952
0.321302
0.337458
0.315358
0.331061
0.309501
0.324755
0.303727
0.318539
0.298034
0.312408
0.292418
0.306359
0.286876
0.300389
0.281406
0.294496
0.276006
0.288676
0.270672
0.282927
0.265402
0.277246
0.260194
0.271631
0.255046
0.266079
0.249956
0.260589
0.244921
0.255157
0.239940
0.249783
0.235011
0.244464
0.230132
0.239197
0.225301
0.233983
0.220517
0.228817
0.215778
0.223699
0.211083
0.218628
0.206429
0.213601
0.201817
0.208617
0.197243
0.203674
0.192708
0.198772
0.188209
0.193909
0.183746
0.189082
0.179317
0.184292
0.174921
0.179537
0.170556
0.174815
0.166223
0.170126
0.161919
0.165468
0.157644
0.160841
0.153396
0.156242
0.149176
0.151671
0.144980
0.147127
0.140810
0.142609
0.136664
0.138117
0.132540
0.133648
0.128439
0.129202
0.124359
0.124778
0.120299
0.120376
0.116259
0.115994
0.112238
0.111632
0.108234
0.107288
0.104248
0.102962
0.100279
0.098654
0.096326
0.094361
0.092387
0.090085
0.088463
0.085822
0.084553
0.081574
0.080655
0.077339
0.076770
0.073117
0.072897
0.068906
0.069035
0.064706
0.065182
0.060517
0.061340
0.056338
0.057507
0.052167
0.053683
0.048005
0.049866
0.043850
0.046056
0.039703
0.042253
0.035562
0.038456
0.031426
0.034665
0.027296
0.030878
0.023170
0.027096
0.019047
0.023318
0.014928
0.019542
0.010811
0.015769
0.006696
0.011998
0.002582
0.008229
0.001531
0.004461
