00111111101111110111110001101100
00111110101111110111110001101100
00111111000011111001110101010001
00111110001111110111110001101100
00111110001111110111110001101100
00111111000011111001110101010001
00111111111011110101101110000110
00111110101111110111110001101100
00111110001111110111110001101100
00111110101111110111110001101100
00111111011011110101101110000110
01000000000000111010010110001010
00111111110101110110101111110111
01000000011000110110001110111111
01000000011000110110001110111111
01000000010010110111010000110001
00111111011011110101101110000110
00111110101111110111110001101100
00111111001111110111110001101100
00111110101111110111110001101100
00111110001111110111110001101100
00000000000000000000000000000000
00111111111011110101101110000110
01000000010101110110101111110111
00111111101111110111110001101100
00111110001111110111110001101100
00111110101111110111110001101100
00000000000000000000000000000000
00111111000011111001110101010001
00111110101111110111110001101100
00111110001111110111110001101100
01000000010010110111010000110001
01000000000110111001010100010110
00111111011011110101101110000110
00111111011011110101101110000110
00111111101001111000110011011110
00111111000011111001110101010001
00111111101001111000110011011110
00111111011011110101101110000110
01000000011000110110001110111111
00111110101111110111110001101100
00111111000011111001110101010001
00111110101111110111110001101100
00111110101111110111110001101100
00111111000011111001110101010001
00111111011011110101101110000110
01000000000011111001110101010001
01000000001100111000010010100101
00111111110101110110101111110111
00111111011011110101101110000110
00111111101111110111110001101100
01000000000000111010010110001010
00111111100011111001110101010001
00111111000011111001110101010001
00111111011011110101101110000110
00111110001111110111110001101100
00111110101111110111110001101100
00111110001111110111110001101100
00111110001111110111110001101100
00111111110101110110101111110111
00111110001111110111110001101100
00111110001111110111110001101100
00111111000011111001110101010001
00111111000011111001110101010001
00111110001111110111110001101100
00111111101111110111110001101100
01000000000011111001110101010001
00111111100011111001110101010001
00000000000000000000000000000000
00111111000011111001110101010001
00111111100011111001110101010001
00111110001111110111110001101100
00111110101111110111110001101100
00111110101111110111110001101100
00111111100011111001110101010001
00111111100011111001110101010001
00111111011011110101101110000110
01000000000110111001010100010110
00111110001111110111110001101100
01000000100000111010010110001010
01000000101011011000100011000001
01000000101100111000010010100101
01000000001001111000110011011110
00111111100011111001110101010001
00111111011011110101101110000110
00111111011011110101101110000110
00111111101111110111110001101100
00111111111011110101101110000110
00111111101001111000110011011110
00111110101111110111110001101100
00000000000000000000000000000000
00111110001111110111110001101100
00111110001111110111110001101100
00111110001111110111110001101100
00111111000011111001110101010001
00000000000000000000000000000000
00111111001111110111110001101100
00000000000000000000000000000000
00111110101111110111110001101100
00111111100011111001110101010001
00000000000000000000000000000000
00111111101001111000110011011110
00111111000011111001110101010001
00111111111011110101101110000110
00111111011011110101101110000110
00111111001111110111110001101100
00111111011011110101101110000110
00111111001111110111110001101100
00111111000011111001110101010001
00111111000011111001110101010001
00111110001111110111110001101100
00111111000011111001110101010001
00111110101111110111110001101100
00111111000011111001110101010001
00111111000011111001110101010001
00111110001111110111110001101100
00111111110101110110101111110111
00111111100011111001110101010001
00111110001111110111110001101100
00111111100011111001110101010001
00111111100011111001110101010001
00111111001111110111110001101100
00111111000011111001110101010001
00000000000000000000000000000000
00111111000011111001110101010001
00111110001111110111110001101100
00111111110101110110101111110111
01000000001100111000010010100101
00111111011011110101101110000110
00111110001111110111110001101100
00111111101001111000110011011110
00111110101111110111110001101100
00111111000011111001110101010001
00111111100011111001110101010001
00111111001111110111110001101100
00111110101111110111110001101100
00111111101001111000110011011110
00111111110101110110101111110111
00000000000000000000000000000000
00111110001111110111110001101100
00111111011011110101101110000110
00111111100011111001110101010001
00111110101111110111110001101100
00111111000011111001110101010001
00111111101001111000110011011110
01000000000011111001110101010001
00111110101111110111110001101100
00111111011011110101101110000110
00111110101111110111110001101100
00111111001111110111110001101100
00111110001111110111110001101100
01000000000000111010010110001010
00111111000011111001110101010001
00111111001111110111110001101100
00111111011011110101101110000110
00111111100011111001110101010001
00111111000011111001110101010001
00111110001111110111110001101100
00111110001111110111110001101100
00111110001111110111110001101100
00111111001111110111110001101100
00111111110101110110101111110111
00111111000011111001110101010001
00111110101111110111110001101100
00111111011011110101101110000110
00111111000011111001110101010001
00111111001111110111110001101100
00111111111011110101101110000110
00111111001111110111110001101100
00111110001111110111110001101100
00111110001111110111110001101100
00000000000000000000000000000000
00111111000011111001110101010001
00111110001111110111110001101100
00111111011011110101101110000110
00111111000011111001110101010001
00000000000000000000000000000000
00111110001111110111110001101100
00111110001111110111110001101100
01000000001100111000010010100101
01000000001100111000010010100101
00111111001111110111110001101100
00111110101111110111110001101100
00111111101111110111110001101100
00111111111011110101101110000110
00111111101001111000110011011110
00111111001111110111110001101100
00111111101111110111110001101100
00000000000000000000000000000000
00111111110101110110101111110111
01000000000110111001010100010110
01000000000110111001010100010110
00111110001111110111110001101100
00111111100011111001110101010001
00111111000011111001110101010001
00111110101111110111110001101100
00111111011011110101101110000110
00111111100011111001110101010001
00111110001111110111110001101100
00111110001111110111110001101100
00111110001111110111110001101100
00111111000011111001110101010001
00111111100011111001110101010001
00111111110101110110101111110111
00111111001111110111110001101100
01000000000000111010010110001010
00111111101111110111110001101100
00111110001111110111110001101100
01000000001100111000010010100101
01000000000011111001110101010001
00111111100011111001110101010001
00000000000000000000000000000000
00111111101001111000110011011110
00111111000011111001110101010001
00111111001111110111110001101100
00111110001111110111110001101100
00111111001111110111110001101100
01000000000110111001010100010110
00111111101001111000110011011110
00000000000000000000000000000000
00111111101111110111110001101100
01000000000011111001110101010001
00111111101111110111110001101100
00111111111011110101101110000110
01000000000110111001010100010110
00111111110101110110101111110111
00111111001111110111110001101100
00111111001111110111110001101100
01000000011000110110001110111111
01000000001001111000110011011110
00111111110101110110101111110111
00111111100011111001110101010001
00111111001111110111110001101100
00111110001111110111110001101100
00111110101111110111110001101100
00111110001111110111110001101100
00111111101111110111110001101100
01000000000000111010010110001010
00111110101111110111110001101100
00111111001111110111110001101100
00111111101001111000110011011110
00000000000000000000000000000000
00111111000011111001110101010001
01000000000011111001110101010001
00111111011011110101101110000110
00111111001111110111110001101100
00111111000011111001110101010001
01000000000110111001010100010110
00111111001111110111110001101100
00000000000000000000000000000000
00111111000011111001110101010001
00111111000011111001110101010001
00111111101111110111110001101100
00111111000011111001110101010001
00000000000000000000000000000000
00111111001111110111110001101100
00111111101001111000110011011110
00111110001111110111110001101100
00111111100011111001110101010001
01000000000011111001110101010001
00111111000011111001110101010001
00000000000000000000000000000000
00111110001111110111110001101100
00111111100011111001110101010001
00111111100011111001110101010001
00111110101111110111110001101100
00111111011011110101101110000110
00111111100011111001110101010001
00000000000000000000000000000000
00111111100011111001110101010001
00111111001111110111110001101100
00111111001111110111110001101100
00111111000011111001110101010001
00111111001111110111110001101100
00111110101111110111110001101100
00000000000000000000000000000000
00111111011011110101101110000110
00111111101111110111110001101100
00111110001111110111110001101100
00111111001111110111110001101100
00111110001111110111110001101100
00111111110101110110101111110111
01000000000110111001010100010110
00111111101001111000110011011110
00111110001111110111110001101100
00111111101001111000110011011110
00111111101001111000110011011110
00111111001111110111110001101100
00111110001111110111110001101100
00111111001111110111110001101100
00111111001111110111110001101100
00111111100011111001110101010001
00111111110101110110101111110111
00111110001111110111110001101100
01000000000000111010010110001010
01000000000000111010010110001010
00111111110101110110101111110111
00111110001111110111110001101100
00111111101001111000110011011110
01000000001001111000110011011110
01000000000000111010010110001010
00111110001111110111110001101100
00111111100011111001110101010001
00111111101111110111110001101100
00111111100011111001110101010001
00111111101001111000110011011110
01000000000011111001110101010001
00111111011011110101101110000110
00111110001111110111110001101100
00111111011011110101101110000110
00111111100011111001110101010001
00111111000011111001110101010001
00111111101001111000110011011110
00111110001111110111110001101100
00111111100011111001110101010001
01000000000000111010010110001010
00111111100011111001110101010001
00111111011011110101101110000110
00111110001111110111110001101100
00111111000011111001110101010001
00111110001111110111110001101100
00111110101111110111110001101100
00111111100011111001110101010001
00111111011011110101101110000110
00111111000011111001110101010001
00111111011011110101101110000110
00111111100011111001110101010001
00111111101001111000110011011110
00111110001111110111110001101100
00111111001111110111110001101100
00111111101001111000110011011110
00111111001111110111110001101100
00111110001111110111110001101100
00111111011011110101101110000110
00111111101001111000110011011110
00111111001111110111110001101100
01000000000110111001010100010110
00111111001111110111110001101100
00111111111011110101101110000110
01000000001001111000110011011110
00111110001111110111110001101100
00000000000000000000000000000000
00111110101111110111110001101100
00000000000000000000000000000000
00111111011011110101101110000110
00000000000000000000000000000000
00111110101111110111110001101100
00111110001111110111110001101100
00111111111011110101101110000110
00111111011011110101101110000110
00111110101111110111110001101100
00111110101111110111110001101100
00111111001111110111110001101100
00111110101111110111110001101100
00111111000011111001110101010001
00111110001111110111110001101100
00111111001111110111110001101100
00111111001111110111110001101100
00000000000000000000000000000000
01000000000000111010010110001010
01000000010101110110101111110111
01000000000110111001010100010110
01000000000000111010010110001010
01000000000011111001110101010001
00111111101111110111110001101100
00111111011011110101101110000110
00111111011011110101101110000110
00111111110101110110101111110111
00111110101111110111110001101100
00111111001111110111110001101100
00111110101111110111110001101100
00000000000000000000000000000000
00000000000000000000000000000000
00111111001111110111110001101100
00111111101001111000110011011110
00111111110101110110101111110111
01000000000110111001010100010110
00111111101001111000110011011110
00111110001111110111110001101100
00111111101111110111110001101100
00111111101001111000110011011110
00111111011011110101101110000110
00000000000000000000000000000000
00111110001111110111110001101100
00000000000000000000000000000000
00111111001111110111110001101100
01000000000011111001110101010001
01000000001100111000010010100101
01000000000011111001110101010001
00111111100011111001110101010001
00111111101111110111110001101100
00111111110101110110101111110111
00111111000011111001110101010001
00111111001111110111110001101100
00111111110101110110101111110111
00000000000000000000000000000000
00111111100011111001110101010001
00111111000011111001110101010001
00000000000000000000000000000000
00111111000011111001110101010001
00111110001111110111110001101100
00111110001111110111110001101100
00000000000000000000000000000000
01000000000000111010010110001010
00111111101111110111110001101100
00111111101001111000110011011110
01000000000011111001110101010001
00111110101111110111110001101100
00000000000000000000000000000000
00000000000000000000000000000000
00111111101001111000110011011110
00111111101111110111110001101100
00111110001111110111110001101100
00111111100011111001110101010001
00111111000011111001110101010001
00111110101111110111110001101100
00111111100011111001110101010001
00000000000000000000000000000000
00111111011011110101101110000110
00111110001111110111110001101100
00111111000011111001110101010001
00111110001111110111110001101100
00111110101111110111110001101100
00111111101001111000110011011110
00111111101111110111110001101100
01000000000000111010010110001010
01000000001100111000010010100101
01000000000011111001110101010001
00000000000000000000000000000000
00111111101111110111110001101100
00111111110101110110101111110111
00000000000000000000000000000000
00111111000011111001110101010001
00111111110101110110101111110111
01000000000011111001110101010001
01000000000000111010010110001010
00111111101001111000110011011110
00111111100011111001110101010001
00111111000011111001110101010001
00111111101001111000110011011110
00111111101001111000110011011110
00111111100011111001110101010001
00111111011011110101101110000110
01000000001001111000110011011110
00111111101001111000110011011110
00111111110101110110101111110111
00000000000000000000000000000000
00111111111011110101101110000110
00111111101001111000110011011110
01000000000000111010010110001010
00111110001111110111110001101100
00111111000011111001110101010001
00111110101111110111110001101100
00111111011011110101101110000110
00111111101001111000110011011110
00111111001111110111110001101100
00111110101111110111110001101100
00111110101111110111110001101100
00111110101111110111110001101100
00111111101001111000110011011110
00111111001111110111110001101100
00111111000011111001110101010001
00111111101111110111110001101100
00111111001111110111110001101100
00111110001111110111110001101100
00111110001111110111110001101100
01000000000011111001110101010001
01000000000000111010010110001010
00111111000011111001110101010001
00111111101111110111110001101100
01000000000110111001010100010110
00111111110101110110101111110111
00111111101001111000110011011110
00111111110101110110101111110111
01000000000011111001110101010001
00000000000000000000000000000000
00111110101111110111110001101100
01000000000011111001110101010001
00111111101111110111110001101100
00111111001111110111110001101100
00111111101001111000110011011110
00000000000000000000000000000000
00111111100011111001110101010001
00111111000011111001110101010001
00111110001111110111110001101100
00111111100011111001110101010001
00111110001111110111110001101100
00111111001111110111110001101100
00111111011011110101101110000110
00111111110101110110101111110111
00111111001111110111110001101100
01000000001100111000010010100101
01000000000000111010010110001010
00111111001111110111110001101100
00111111001111110111110001101100
00111111000011111001110101010001
00111110101111110111110001101100
00111111001111110111110001101100
00111110001111110111110001101100
00111111101111110111110001101100
00111111110101110110101111110111
00111111101001111000110011011110
00111110001111110111110001101100
00111110101111110111110001101100
00111110001111110111110001101100
00111111101001111000110011011110
01000000001100111000010010100101
00111111101111110111110001101100
00111110101111110111110001101100
00111110001111110111110001101100
00111111100011111001110101010001
00111111000011111001110101010001
