00000000000000000000000000000000
11000011100000100111001000101101
11000001000111011010000100010100
01000001100110100100110010101010
11000001010101011011100010111100
01000010101100110110001001101100
01000001011011111011100010001100
01000001001110111110100110101000
11000001100110111111001011000110
11000001001001010011000110001100
10111110001011011110001100000000
11000010001000001110111011110000
01000001010000101110110011110000
11000001000100111110110000100100
11000001011000000000111011000100
01000010010111000010111100000101
11000000000011010000000001100000
01000001110010111111011100110100
11000001110001110001111111111100
11000001111000000100110000011110
11000000011011110101011101110000
01000001100000111100110101110010
01000000001101111111101101010000
11000001000111100101000000001000
11000001010100110010101110000000
01000001001111001010110100100000
01000000110101100000011111101000
01000001101010011000101010100000
01000001111110100001110011001010
11000010010000101101001111001010
11000001100101000111111010010110
11000001101011110100101100001010
01000001101011011010011011010000
01000001101000111010010010001000
01000001000011010100000001010000
01000001010111111110000111100100
11000010000011000111100100110010
01000001001000010100100000101100
11000001000001100100010111100000
01000001101001000111000111100010
11000000111000111010001100111000
11000001110111100001111011000010
01000000000000110100100110100000
01000001001010110000001010100100
01000001111100011010110001110000
11000001000101011011110111011000
01000001011010110011001100011000
11000010001011110111101011001000
00111110011010101000010100000000
00111111000000101101100000000000
01000010000101010110010011001010
11000001111011110111010100100000
10111111011011110111011110000000
01000001011101010111011100100000
01000000000101010010000010110000
01000000001101000110111110010000
01000001000000110010001110101000
11000001110110001101000110110000
11000001101001111101011001100000
01000000001100111100111001010000
01000001111110101101011100111010
01000000111110100000111111000000
01000001111001010111100111101110
11000010001001101001101001011100
11000000111011101011001111011000
11000001100111001100011111110000
01000001110110001010110001101010
11000000000001100101111001000000
01000000111000001111111001101000
01000000001101101010110010110000
11000001001100000110010001100000
11000001000000100000100111101100
01000001011101101011110111010000
01000001001110001100000111001000
11000000101101010100101101110000
11000000101001010001110010111000
11000001110100000100110010011000
01000001100011111101100111001100
11000001111001111011111010100110
01000010001101001001011000111001
01000000000011110001101001100000
01000000010010111010011100110000
11000001101011101111111111101010
01000000111100110010001001100000
01000000010110011110010110110000
11000001100100100011110101101110
00111101010111110001110000000000
11000001100000001011010001000100
01000001101110100001100001000110
01000001010000111000010011001000
01000001100010010001111110000110
01000000101010001011111111111000
11000010000111001010010111000000
01000000000110101110110110110000
11000001101101101011100010100000
01000001100110010001011110000110
01000000100001001011011011110000
01000001001110100000101111110000
00111111110011101000010101100000
01000000101010000001110010101000
11000000110000001101010001101000
11000000100001101011010000101000
11000000010100000001000101100000
10111111111011100101011000000000
11000001101011100111110100110000
01000001011001101011001101101000
11000000000010001011011001010000
01000001110111101100011011010110
00111111110010111101110111100000
01000001100001100010100011010000
11000010010010001001111000000001
01000000101000000100000111010000
11000000110100000010110100010000
01000001000000110110100000100100
11000000010001000100111001100000
01000001011011110101111101000100
01000001010100111010101011001000
01000001000101110000000011010100
11000001001110011011010011100100
11000001101010110000001111010110
11000001001111010110000010111000
11000000010001001101001100010000
01000000001110100011010010010000
01000001100010110010110101010110
01000010000000010011001001010111
11000000101000010011011001010000
11000000000000100000100001010000
11000010001010100010000100111111
11000000000101100010101101100000
11000000101001100011000111010000
01000010000001001000101110010100
00111111000111111111110111000000
11000001000110111110011111111000
01000001100000111100110110101010
10111111110110110101011000100000
11000000101111101100100010100000
10111110110011000110101010000000
11000001110101000100101000001000
01000000110001110101100100000000
10111111101111100001001000100000
01000001111000001110010001100010
00111111000111111111111111000000
01000001001000000010100011010000
11000001110011011101100101110110
11000001100110011011111010000110
01000001100011000110101010100100
01000001001100101101110111110100
10111111110000110110010011100000
01000001001010101100011110011000
11000001100111010100111100111000
11000001101000110010100001001100
01000001001111001011100000001100
01000001100110011000001110001110
01000001011010001001111000010000
11000001001100001001010001000100
10111110111010001010000100000000
11000001111110010101011100010110
01000001100111011001101001011000
00111111110010110010111101000000
11000000101111101111110001001000
00111111100011001101110001000000
01000000101111101101111100100000
01000001001111110000011001001000
11000001100011110001001011001100
01000001101011101010001011001100
11000001011100110101111001011100
11000000111000011101001110110000
11000001011000011101100100111100
01000001111010100101111111011100
11000001011000000011101111101000
01000000010000101011011010100000
01000000100101110101101001011000
00111111000011101010101001000000
11000001000111010110100111011100
01000001000110101011001010010000
01000001000100001011110000000100
11000000000000110001111100100000
11000001101001011001100111111000
11000001101100101100001000010100
01000010000011110111001110001101
01000001001001011011010011101100
11000001100010100110001000101100
01000001100010100111011011101000
11000001100101001101100100111010
01000000110111111010100111011000
11000000111010111111101000011000
01000001001000110000111100001100
00111111110101001110100000100000
11000001110001101001011111011110
01000001011000100010100110111000
10111110010101000011010000000000
01000001010101000011110110000100
10111111101010101101001110100000
10111111100001100111100000000000
11000000011010010001100010100000
11000001100001111010100100110110
01000000111100000110010100010000
01000001001001001011111000011000
10111111010010100011011110000000
00111111110101010010101110000000
11000001000010010100101101110100
11000000110011100001000000001000
01000001010011110100111000111000
00111111110100011101001011100000
01000001000011010000101000100000
11000001100101110100010000010000
11000000001100011011111000000000
01000000011000000111110111010000
01000001001101011010100100001100
01000000111001010011110100100000
11000001110011100100000000101100
01000000110010001111000010001000
01000001011010100001101111101000
11000001111000001001101110111000
01000001110010001011110000101000
00111111110010011110000100100000
01000001100000100111010011110010
11000001110000001110111011010000
11000001001010001001010011110100
11000000101011001100010010101000
01000001000000010100101110001000
01000001000010010001111010010000
01000001000000010110101111011000
10111111111000000011010010100000
10111111101011011111010001100000
00111111101111011100001110100000
10111110110111001110101000000000
11000001010111000001100101011000
10111110110111011110001000000000
11000001001000011111111111010100
01000001100001000110101110000000
01000000110001000001001011101000
11000000001101011010011101100000
01000001110100010101011101101010
11000001111101001001001110000000
01000000110101111101100010100000
11000001011000110000100010010100
11000000101111010110010101111000
01000001011001011111010111010100
11000000001101110010010100000000
00111111000000000101111001000000
01000001100000101010100001001010
01000000111010000101010010001000
11000001100100011011100000110100
00111101000011101110000000000000
11000001001011010010010011111000
11000000001100100100001100000000
10111111111101111011001111000000
01000001000110101001000011001100
01000001101011101111010100111010
11000001001011011001000011011100
01000001011001110000010100110000
11000001100110010101011010111100
11000001100011000101010010010000
11000000001100100000101101100000
01000000101100100000000100110000
01000001110110001110101011110010
11000001100000000010110000101100
01000001101010101010000110111010
11000001001000000101100010000100
11000001010001111111011111100000
11000001000110010000111011010100
01000000110001011111100101101000
11000001010101110111010111001000
01000010000011000110011111100010
10111111010000111101001011000000
11000001011110101100010110010000
01000000111110111010111111101000
11000000111101000111000010001000
11000001100011100100101101001100
01000000101111010001000111101000
01000010001001000111110000001101
11000001111001000011101011000100
10111111111110011001001001000000
01000000100000100001111111001000
11000001100010101110011111101000
01000001100000011101111100100100
10111111100011010110001010100000
01000001100001001010010011010010
11000001100101010110100100000110
01000000110110010000010101110000
11000001011010001000111100111100
01000001000011101010001011010000
10111111101101010100101001000000
01000000100000001101100010011000
01000001000011000001010101100100
11000001110010001011000000101010
01000001100000101001010011111110
01000000010000011000000011110000
01000001010100011101110000100000
11000001011110010110001001001000
11000001101011010101100101100100
01000001011010101001110100000100
01000000101100010011000010011000
01000000011111110111100001000000
11000000001100101000100011100000
01000000010011100001011001110000
10111111101101000110011000000000
11000000010011001110101011100000
11000001000010101101101110100000
01000000100101110111111011100000
01000000110101111101011100010000
01000000101111101011111100100000
11000000001111111110110000110000
11000001110100001100011111111000
01000001101101110000111011110110
11000001001001101101010001001100
01000001111100010010010001010000
11000001111110101110100000010110
01000001000011100100101101000000
01000000101010001100111111001000
11000000101011000101010101110000
11000000101101100010101000100000
01000001000000100010001111111000
11000001001111101001010001010000
01000001010001101111111011101100
11000000110000100101010010010000
01000000111110011111000100110000
01000000101110000100111100011000
11000000111101000111111100100000
11000001000111001000000101011000
01000001001100010011000000001000
11000000111100000011001111011000
11000001001111010111100010101000
01000001011110011011001111110000
01000001010010011110000110100000
11000001010100010110110111011000
10111111000000000100010100000000
01000000111101101010010010000000
11000000110011100100100100110000
11000000111011001010101010011000
01000000100011011001101100010000
10111111101010010111010010000000
01000000101100001100100010000000
01000000100101110110111001010000
11000000100001111111110000011000
11000001001110000100111100011000
01000001001001000111000011000100
00111111110100011011101100000000
11000000100100111011111001110000
01000001000001101010111101010100
11000000111100001011000011011000
01000001001001100000001000010100
11000001101000111111111011011010
00111111110111110101110011100000
01000001001111010010100110110100
10111111010000010001011101000000
10111111011001100111010101000000
01000000101111011100001101100000
11000000101100010011100010100000
11000000010011010111010011010000
01000000110011101011111001110000
11000000001101010110110000100000
11000001000111001101000011110100
01000000100101110001111110111000
00111111101110110110101011100000
00111111110111110110011110100000
11000000110010000111100011010000
01000001100111100010100011000100
11000000010101001001010101010000
11000000100000100110101000000000
11000000111010011001101010100000
11000001010011110110111100000000
01000000100010001001101000110000
01000000100011100001010000001000
01000001100001101100011111110010
11000001001010011100111111000000
01000001000000011011000111000000
10111111000111011111000011000000
11000001000101111010101110101000
11000000101001001111110110010000
01000000011000100011101001000000
11000000101101110100010001000000
01000001001010010110011110000100
01000000000011100111001101110000
00111111010111110110000110000000
11000000100001010100011101000000
01000000011100110111000101110000
11000001010000000101010100011000
01000000100001110100001010111000
01000000110000101011110001010000
11000000001000101011101101110000
01000000011101010000000100010000
01000000010101100001110010010000
11000001011001010000011101001000
10111101110100001000101000000000
00111110101010100001100110000000
01000001000110100110001011111000
01000000110110001001011111100000
11000001000101110110100101101000
10111110110000110111100000000000
01000000010000110100110001100000
01000000111010010011011111010000
11000001101011000001000000010100
01000000000100000101100010110000
10111111011100101100101001000000
01000001001110100101000001011100
01000001000011100000001011000000
11000000000101001000101011010000
01000000000010101000110101110000
11000001010100100110100110000000
11000000110111110111010000010000
01000000101100100000011010101000
11000000101011101011001001010000
01000001000000110111111100111000
01000000111001100001110101001000
01000001000101111111000010011100
11000001010010011000011011001100
11000000110011001000000001110000
11000001001101101101110101101100
01000001101000110001010100001000
11000000100000111000100110010000
01000000101101001110000101111000
11000000101011001101111011010000
11000001010100000101111100101000
01000001011001110001101011000000
11000000111011011010110000101000
01000001010000101101110101001100
11000000000011100100101100110000
11000000100011100111100101010000
11000001000000011000110011100000
01000000110111000111101010101000
01000000011010000000110011000000
11000000110110111011111001000000
01000000000100110011101111000000
01000000000010101100101011100000
11000000100001101110001111100000
01000001011010101111101111001000
11000001001000100001111010000100
00111111011110100001100010000000
11000001011111100101111100011000
01000000110011011000010010100000
01000001010010110001111110001100
00111111111000011100010011000000
10111111000100111011010100000000
11000000111101000101111110101000
01000000010110101101011010100000
11000001010011110101000101101100
01000000001010000001101110100000
01000001100010100010100100001010
11000001001111100100111000100100
01000000101000111011111111101000
11000000010101000001000100100000
01000000110110100110100101100000
11000000101011100010011011101000
00111110011011101000010100000000
11000000011000011100101101110000
11000000001010111101011111100000
01000000000000101110011101000000
01000000010110001100100001110000
10111111100011000110111101000000
01000000110110001111000011011000
00111111110000011001101101000000
11000000101010100011000010000000
11000000110001000110110111001000
10111111000010000011011010000000
01000000101101100000110111010000
10111111010101010000010010000000
10111111101101111001011101000000
10111111011000111001010001000000
10111111010011111000111110000000
11000000100001100000010101000000
01000001101100011000111010100000
11000000101111010111010100110000
00111110100100010000101000000000
11000001100000100110100000100010
11000001000101101011011001111000
00111111111000011010000010100000
01000001100101011110001110001110
01000000100000010110100001011000
11000000000111100011010100010000
01000000001000001010101111010000
11000000110010011000110101000000
11000000100000110101010101100000
10111110001011000110011000000000
10111111110011111110101001000000
11000000100100001000100000110000
01000000100101111101010001010000
01000001000000010011111000111000
00111111000110001111101111000000
00111111111111110011001011100000
11000000001101000101100000110000
11000001001101100111101001100000
01000000000111010101100111100000
01000000111010010110011101100000
00111111100101000011001010000000
01000000001000000010000010000000
11000001101101001101110001100110
01000001101000010110001110000100
11000000100001001111101000000000
10111111010000000111001101000000
00111111110000100100001111100000
01000001000011111101001011101100
00111111000101111110010100000000
11000001011010010100111001111000
10111111111101011000001001000000
10111100000001000111000000000000
01000000001100101001001001010000
01000000000100010100111010100000
01000001000011001110010100000000
11000001000001110110101110001100
01000000111111100101101100001000
01000000001001011000011100010000
11000001001110101001110011001000
11000000110101011000110000100000
01000000101001001010110110011000
11000000001000110011010101000000
01000001000110001101000100111000
10111111110100010111100000100000
01000001010100001111011000110000
11000001010011110101011100100000
11000001010010001011111100110100
00000000000000000000000000000000
01000001010010001011111100101100
01000001010011110101011100011100
11000001010100001111011000110100
00111111110100010111100000000000
11000001000110001101000101000000
01000000001000110011010100110000
11000000101001001010110110100000
01000000110101011000110000011000
01000001001110101001110011000100
11000000001001011000011100100000
11000000111111100101101100010000
01000001000001110110101110001000
11000001000011001110010100000100
11000000000100010100111011000000
11000000001100101001001001100000
00111100000001000101000000000000
00111111111101011000001000100000
01000001011010010100111001110100
10111111000101111110010110000000
11000001000011111101001011110000
10111111110000100100001111100000
00111111010000000111001100000000
01000000100001001111100111110000
11000001101000010110001110000110
01000001101101001101110001100010
11000000001000000010000010100000
10111111100101000011001011000000
11000000111010010110011101101000
11000000000111010101100111110000
01000001001101100111101001011000
01000000001101000101100000100000
10111111111111110011001100000000
10111111000110001111110001000000
11000001000000010011111000111100
11000000100101111101010001011000
01000000100100001000100000101000
00111111110011111110101000100000
00111110001011000110010100000000
01000000100000110101010101100000
01000000110010011000110100111000
11000000001000001010101111100000
01000000000111100011010100000000
11000000100000010110100001100000
11000001100101011110001110010010
10111111111000011010000011000000
01000001000101101011011001110100
01000001100000100110100000100000
10111110100100010000101010000000
01000000101111010111010100100000
11000001101100011000111010100010
01000000100001100000010100111000
00111111010011111000111110000000
00111111011000111001010000000000
00111111101101111001011100100000
00111111010101010000010001000000
11000000101101100000110111011000
00111111000010000011011001000000
01000000110001000110110111000000
01000000101010100011000001110000
10111111110000011001101101000000
11000000110110001111000011100000
00111111100011000110111100100000
11000000010110001100100010000000
11000000000000101110011101010000
01000000001010111101011111010000
01000000011000011100101101010000
10111110011011101000011000000000
01000000101011100010011011100000
11000000110110100110100101101000
01000000010101000001000100010000
11000000101000111011111111110000
01000001001111100100111000100100
11000001100010100010100100001100
11000000001010000001101110110000
01000001010011110101000101100100
11000000010110101101011010110000
01000000111101000101111110100000
00111111000100111011010011000000
10111111111000011100010100000000
11000001010010110001111110010000
11000000110011011000010010100000
01000001011111100101111100010100
10111111011110100001100011000000
01000001001000100001111010000000
11000001011010101111101111010000
01000000100001101110001111010000
11000000000010101100101011110000
11000000000100110011101111010000
01000000110110111011111000110000
11000000011010000000110011010000
11000000110111000111101010111000
01000001000000011000110011011100
01000000100011100111100101001000
01000000000011100100101100010000
11000001010000101101110101010000
01000000111011011010110000100000
11000001011001110001101011000100
01000001010100000101111100011100
01000000101011001101111011001000
11000000101101001110000110000000
01000000100000111000100110001000
11000001101000110001010100001100
01000001001101101101110101101000
01000000110011001000000001101000
01000001010010011000011011001000
11000001000101111111000010100000
11000000111001100001110101011000
11000001000000110111111101000000
01000000101011101011001001000000
11000000101100100000011010110000
01000000110111110111010000001000
01000001010100100110100101111100
11000000000010101000110110000000
01000000000101001000101011000000
11000001000011100000001011001000
11000001001110100101000001011100
00111111011100101100101000000000
11000000000100000101100011000000
01000001101011000001000000010010
11000000111010010011011111011000
11000000010000110100110001110000
00111110110000110111011110000000
01000001000101110110100101100100
11000000110110001001011111101000
11000001000110100110001011111100
10111110101010100001101010000000
00111101110100001000100000000000
01000001011001010000011101000100
11000000010101100001110010100000
11000000011101010000000100110000
01000000001000101011101101100000
11000000110000101011110001011000
11000000100001110100001011000000
01000001010000000101010100010100
11000000011100110111000110010000
01000000100001010100011100110000
10111111010111110110000111000000
11000000000011100111001110010000
11000001001010010110011110001000
01000000101101110100010000111000
11000000011000100011101001100000
01000000101001001111110110000000
01000001000101111010101110100100
00111111000111011111000010000000
11000001000000011011000111000100
01000001001010011100111110111100
11000001100001101100011111110010
11000000100011100001010000011000
11000000100010001001101000111000
01000001010011110110111011111000
01000000111010011001101010011000
01000000100000100110101000000000
01000000010101001001010100110000
11000001100111100010100011000110
01000000110010000111100011000000
10111111110111110110011111000000
10111111101110110110101100000000
11000000100101110001111111001000
01000001000111001101000011101100
01000000001101010110110000010000
11000000110011101011111010000000
01000000010011010111010011000000
01000000101100010011100010011000
11000000101111011100001101101000
00111111011001100111010100000000
00111111010000010001011100000000
11000001001111010010100110111100
10111111110111110101110100000000
01000001101000111111111011010110
11000001001001100000001000011000
01000000111100001011000011010000
11000001000001101010111101011100
01000000100100111011111001101000
10111111110100011011101100100000
11000001001001000111000011001100
01000001001110000100111100010000
01000000100001111111110000001000
11000000100101110110111001011000
11000000101100001100100010001000
00111111101010010111010001100000
11000000100011011001101100011000
01000000111011001010101010010000
01000000110011100100100100101000
11000000111101101010010010001000
00111111000000000100010010000000
01000001010100010110110111010100
11000001010010011110000110101000
11000001011110011011001111110100
01000001001111010111100010100100
01000000111100000011001111010000
11000001001100010011000000001100
01000001000111001000000101010100
01000000111101000111111100011000
11000000101110000100111100100000
11000000111110011111000100111000
01000000110000100101010010001000
11000001010001101111111011110000
01000001001111101001010001010000
11000001000000100010001111111100
01000000101101100010101000010000
01000000101011000101010101100000
11000000101010001100111111011000
11000001000011100100101101000100
01000001111110101110100000010100
11000001111100010010010001010010
01000001001001101101010001001000
11000001101101110000111011111010
01000001110100001100011111110100
01000000001111111110110000100000
11000000101111101011111100101000
11000000110101111101011100011000
11000000100101110111111011101000
01000001000010101101101110100000
01000000010011001110101011010000
00111111101101000110010111100000
11000000010011100001011010010000
01000000001100101000100011010000
11000000011111110111100001010000
11000000101100010011000010100000
11000001011010101001110100001100
01000001101011010101100101100010
01000001011110010110001001000000
11000001010100011101110000100100
11000000010000011000000100000000
11000001100000101001010100000000
01000001110010001011000000100110
11000001000011000001010101101000
11000000100000001101100010100000
00111111101101010100101000100000
11000001000011101010001011010100
01000001011010001000111100111100
11000000110110010000010101111000
01000001100101010110100100000100
11000001100001001010010011010100
00111111100011010110001010000000
11000001100000011101111100100110
01000001100010101110011111100100
11000000100000100001111111010000
00111111111110011001001000100000
01000001111001000011101011000010
11000010001001000111110000001110
11000000101111010001000111110000
01000001100011100100101101001010
01000000111101000111000010000000
11000000111110111010111111111000
01000001011110101100010110001100
00111111010000111101001010000000
11000010000011000110011111100011
01000001010101110111010111000000
11000000110001011111100101110000
01000001000110010000111011010100
01000001010001111111011111011100
01000001001000000101100010000000
11000001101010101010000110111110
01000001100000000010110000101010
11000001110110001110101011110010
11000000101100100000000100111000
01000000001100100000101101010000
01000001100011000101010010010000
01000001100110010101011010111010
11000001011001110000010100110100
01000001001011011001000011011000
11000001101011101111010100111100
11000001000110101001000011010000
00111111111101111011001111000000
01000000001100100100001011110000
01000001001011010010010011111000
10111101000011101110010000000000
01000001100100011011100000110010
11000000111010000101010010010000
11000001100000101010100001001110
10111111000000000101111010000000
01000000001101110010010011110000
11000001011001011111010111010100
01000000101111010110010101110000
01000001011000110000100010010100
11000000110101111101100010101000
01000001111101001001001101111110
11000001110100010101011101101100
01000000001101011010011101000000
11000000110001000001001011111000
11000001100001000110101110000010
01000001001000011111111111010000
00111110110111011110001000000000
01000001010111000001100101010100
00111110110111001110100110000000
10111111101111011100001111000000
00111111101011011111010001000000
00111111111000000011010010100000
11000001000000010110101111011000
11000001000010010001111010011000
11000001000000010100101110010000
01000000101011001100010010100000
01000001001010001001010011101100
01000001110000001110111011001100
11000001100000100111010011110100
10111111110010011110000101000000
11000001110010001011110000101100
01000001111000001001101110110110
11000001011010100001101111101100
11000000110010001111000010010000
01000001110011100100000000101010
11000000111001010011110100110000
11000001001101011010100100010000
11000000011000000111110111100000
01000000001100011011110111110000
01000001100101110100010000010000
11000001000011010000101000101000
10111111110100011101001100000000
11000001010011110100111001000000
01000000110011100001000000000000
01000001000010010100101101110000
10111111110101010010101111000000
00111111010010100011011101000000
11000001001001001011111000011100
11000000111100000110010100011000
01000001100001111010100100110100
01000000011010010001100010100000
00111111100001100111011111000000
00111111101010101101001110000000
11000001010101000011110110001000
00111110010101000011001100000000
11000001011000100010100110111100
01000001110001101001011111011100
10111111110101001110100000100000
11000001001000110000111100010000
01000000111010111111101000010000
11000000110111111010100111100000
01000001100101001101100100110110
11000001100010100111011011101010
01000001100010100110001000101010
11000001001001011011010011110000
11000010000011110111001110001110
01000001101100101100001000010010
01000001101001011001100111110110
01000000000000110001111100010000
11000001000100001011110000001000
11000001000110101011001010010100
01000001000111010110100111011100
10111111000011101010101010000000
11000000100101110101101001101000
11000000010000101011011010110000
01000001011000000011101111100100
11000001111010100101111111011110
01000001011000011101100100110100
01000000111000011101001110101000
01000001011100110101111001010100
11000001101011101010001011001110
01000001100011110001001011001010
11000001001111110000011001001100
11000000101111101101111100101000
10111111100011001101110001100000
01000000101111101111110001000000
10111111110010110010111101100000
11000001100111011001101001011010
01000001111110010101011100010100
00111110111010001010000010000000
01000001001100001001010001000000
11000001011010001001111000010100
11000001100110011000001110010000
11000001001111001011100000010100
01000001101000110010100001001010
01000001100111010100111100110110
11000001001010101100011110011100
00111111110000110110010011000000
11000001001100101101110111111000
11000001100011000110101010101010
01000001100110011011111010000100
01000001110011011101100101110010
11000001001000000010100011010100
10111111001000000000000001000000
11000001111000001110010001100100
00111111101111100001000111100000
11000000110001110101100100001000
01000001110101000100101000000100
00111110110011000110101000000000
01000000101111101100100010011000
00111111110110110101011000000000
11000001100000111100110110101110
01000001000110111110011111110100
10111111000111111111111000000000
11000010000001001000101110010101
01000000101001100011000111001000
01000000000101100010101101100000
01000010001010100010000100111110
01000000000000100000100001000000
01000000101000010011011001000000
11000010000000010011001001011000
11000001100010110010110101011000
11000000001110100011010010100000
01000000010001001101001100000000
01000001001111010110000010110000
01000001101010110000001111010100
01000001001110011011010011011100
11000001000101110000000011011100
11000001010100111010101011001100
11000001011011110101111101001000
01000000010001000100111001010000
11000001000000110110100000101000
01000000110100000010110100001000
11000000101000000100000111011000
01000010010010001001111000000000
11000001100001100010100011010010
10111111110010111101111000000000
11000001110111101100011011011010
01000000000010001011011001000000
11000001011001101011001101110000
01000001101011100111110100101110
00111111111011100101010111100000
01000000010100000001000101100000
01000000100001101011010000011000
01000000110000001101010001011000
11000000101010000001110010110000
10111111110011101000010110100000
11000001001110100000101111110100
11000000100001001011011011111000
11000001100110010001011110001000
01000001101101101011100010011110
11000000000110101110110111010000
01000010000111001010010110111111
11000000101010001100000000001000
11000001100010010001111110001010
11000001010000111000010011001100
11000001101110100001100001001000
01000001100000001011010000111110
10111101010111110010010000000000
01000001100100100011110101101010
11000000010110011110010111010000
11000000111100110010001001110000
01000001101011101111111111100110
11000000010010111010011101010000
11000000000011110001101010000000
11000010001101001001011000111100
01000001111001111011111010100100
11000001100011111101100111010000
01000001110100000100110010010110
01000000101001010001110010110000
01000000101101010100101101100000
11000001001110001100000111010000
11000001011101101011110111011000
01000001000000100000100111100100
01000001001100000110010001011000
11000000001101101010110011010000
11000000111000001111111001111000
01000000000001100101111000100000
11000001110110001010110001101100
01000001100111001100011111101100
01000000111011101011001111010000
01000010001001101001101001011010
11000001111001010111100111110000
11000000111110100000111111001000
11000001111110101101011100111110
11000000001100111100111001110000
01000001101001111101011001011110
01000001110110001101000110101110
11000001000000110010001110101100
11000000001101000110111110110000
11000000000101010010000011010000
11000001011101010111011100101000
00111111011011110111011101000000
01000001111011110111010100011100
11000010000101010110010011001100
10111111000000101101100010000000
10111110011010101000011000000000
01000010001011110111101011000110
11000001011010110011001100011100
01000001000101011011110111010100
11000001111100011010110001110100
11000001001010110000001010101000
11000000000000110100100110110000
01000001110111100001111010111110
01000000111000111010001100101000
11000001101001000111000111100110
01000001000001100100010111011100
11000001001000010100100000110100
01000010000011000111100100110000
11000001010111111110000111101100
11000001000011010100000001011000
11000001101000111010010010001100
11000001101011011010011011010100
01000001101011110100101100000110
01000001100101000111111010010010
01000010010000101101001111001000
11000001111110100001110011001110
11000001101010011000101010100110
11000000110101100000011111111000
11000001001111001010110100101100
01000001010100110010101101111000
01000001000111100100111111111000
11000000001101111111101110000000
11000001100000111100110101111010
01000000011011110101011101000000
01000001111000000100110000010110
01000001110001110001111111110100
11000001110010111111011100111010
01000000000011010000000000110000
11000010010111000010111100001000
01000001011000000000111010111000
01000001000100111110110000011000
11000001010000101110110011111100
01000010001000001110111011101101
00111110001011011110000100000000
01000001001001010011000110000000
01000001100110111111001010111110
11000001001110111110100110111000
11000001011011111011100010100000
11000010101100110110001001101110
01000001010101011011100010101100
11000001100110100100110010111000
01000001000111011010000011111000
01000011100000100111001000101100
