01000100000000000000000000001011
11000011001110000110010111100110
01000001001110011010101010100100
11000010110110110101001111001011
11000001011001010101000011100100
11000001110001010100011010110110
01000001100011111100010010111110
01000010011110101111111011000001
11000001010111000001101110011000
01000001101011000001001011111110
01000001000010110000000110111000
11000001001011111110000010000000
11000001010011101110101011010100
10111111101101001011001010100000
11000010000100000000001001111010
11000000011000101001100011100000
01000000111111011011000100001000
01000010000000011111001011101110
01000001011010111000001010111000
01000001000000110001101101011000
11000010000100010110110101101001
01000000001011111100010110000000
01000000110111101001111111100000
01000001000100011101010101100000
11000001100110011110001100011100
11000000010110110110001001010000
11000001100100111101000101100010
01000001000110000000111000100000
01000001101010010101001000000110
01000010010000111100001101001101
11000001111010101010110010010110
11000001100010110110000001111010
11000001110101001100100100101110
11000000011110100100101011000000
01000001100000101100000011000000
01000001001111001101100011010000
01000001100011010000010101010110
11000001101111001001110110010100
01000000100110011110101110010000
11000000111101111101100100111000
01000001111010101011100111011110
11000001001010100001100110100000
11000001101000010010111111110010
11000001100001100110001001010000
01000001000011111111111011010000
01000001100010111001101110001000
01000001001001111101001100100000
01000001101010011101110011011100
11000010000100011110110110001110
11000001001110111100011011101000
01000001000011101011001010100000
01000001100001111010010111111100
11000001011101100100001011010000
11000001011000011000010011101100
01000001101111000011010110111010
11000001010011110000101110111000
01000001101111011111001101000100
01000001100000010100010001100000
11000001110110010011010010110100
11000001101001100100100110001000
11000001010100100110001111110000
01000000111010100011010011011000
01000001111110110111001000001010
01000001011100001000111110101000
00111110110100001100100010000000
11000001111110100101101011100100
11000000011100101110101100100000
01000000110011001001111111101000
11000000111011101010001100111000
01000001101010101110111000011100
11000001001001010001000110111100
01000000100011100110111010111000
11000001110110001001111011011010
01000001110110101111001101001010
00111110000101100000010100000000
01000001100001111010100111011100
11000001010101101110001011001000
11000000110100000101100101000000
11000001000100100011001010000100
11000001110101010000110100100110
01000010000000001010110101110001
01000000110110001100011001101000
01000001000011011110010101110000
11000001100110000000100101010100
01000001101110010111100101100000
11000001001011000111011100010100
01000000110100010010001101110000
11000001110100001011101000101110
11000001000000110111110011110100
11000000001110111100100110010000
01000001010101110001010111010100
01000001111000010111111101100010
01000001001100010001110010001000
11000001100001100001111001111100
11000000100001011011011101101000
11000001110000110111111100011110
01000000010101110001010011010000
01000000011010110001110001110000
11000000000101111110111010100000
01000001100011101111111101011000
11000000101001101100001001001000
01000001010100101111100111000100
11000001001100100001011000011000
01000001011000100011011011001000
11000001010101110010011110000000
11000001011110101010101011111000
11000000101110111111001010010000
10111111101001010100001100100000
01000000110000111000011010000000
01000010000111000100101100000100
11000000011101011011110110100000
11000001000001111101001100111000
11000001101000111101010100001000
01000000111010101111010101101000
11000001100000101100100111011010
11000000011101010010100100000000
01000000111100011111000001100000
01000001001011011110000111101100
01000001111000010011110111111000
11000000110010010001101101110000
11000000111110001111100101100000
11000001010111011100010100010100
11000001100010111001100100111110
11000001010011110011101101001000
01000001010010000111000001000100
01000001101101011111110000111000
01000001111000111100110100001110
11000001000001011000010001100000
11000001000110001111010000010000
11000010000011111001101010101111
01000000100011101000101110001000
01000001010101111100111010011100
11000000010001101111010111010000
10111111111011001011110010100000
01000001010111111110001100100000
00111111111101010101110100100000
01000001010001100110011000010100
11000001001011101101011111010000
11000000101100000001010111100000
11000001111101100001011111100000
01000001100110111001101010000110
11000001000110110000101101101000
01000010000010011001110000111010
01000000011100111101111100000000
11000001100001011100011011001110
11000001100011001101000001010100
01000000100110010010110101100000
01000001000011110110110000111100
01000000000010011110011010110000
01000001101011110010010001000010
11000001100111001000101101100110
11000001110101111001110110011100
01000000110011110111011111110000
01000000111111000111110011011000
01000001100011011101001111010100
01000001000011101110101111010000
11000001001010011110100111001100
11000001011000110100100001100000
01000000100101001001001110100000
01000000101001011100010111110000
11000001001011010111110111110000
11000000110001110101101000101000
01000001100110010001101110110010
11000001010111001001011010111000
01000001010101111111100111001100
00111111110110101010100100100000
01000001001110101101000111110000
11000001111011111000100110101110
01000000101001101101110011011000
01000001000001000111110001110000
11000000101110111111111010110000
11000000100000010011011111000000
01000001011111000101110111100000
11000001011000001111001010010000
00111111000101001110101100000000
01000000010101101100011110110000
01000001010110010110010100011000
01000001100011011000111110010000
11000010001011100011101110111100
11000000100011111001100011000000
01000001010010011010011111001000
01000001000101011100101110110100
11000000110100110011110110101000
01000001001111101101110001100000
11000000111000100110101000110000
11000000001100101110110110100000
10111111110110111011001100100000
01000001011011100101011100011100
11000000110110110101111100110000
11000001010001110000100001110100
11000000011011100011001101110000
01000000100101011001011111010000
01000000110110101110101000110000
00111111111110000000001111000000
01000001010101101001111010010000
11000001011001011001011101010000
11000000101100010101010100110000
11000000101100100011101000110000
01000001001110000000111001110000
00111111100000100001100101000000
01000000001010110100010011010000
11000000101110101100111001101000
11000001010010101000001001010100
01000001001110110000110001000100
01000000011101110101100100000000
01000001001011001011001011111000
11000001011000000101001001000100
11000000110000010001111101100000
11000000100100011011010100000000
01000001110000001111101000111010
11000000111000001111111110101000
11000001000100111000000010001000
00111110001110100000100000000000
01000001001111101011010011001100
11000010000001011000001101100100
01000001101001111000101010001010
01000001000000011001010001101000
01000001011001101101111110000100
11000000000110001000101110010000
11000001101110110001010010111000
00111111111011100111011000100000
11000001001011001000111010001000
01000001001010001000111111001100
01000000101010011100110000101000
00111110111110011111001100000000
00111110110100110101001110000000
01000001010110010010000010010000
11000001000111010101010011100100
01000001000010010000110101001100
11000001110000111000111001000100
00111110011100011001001100000000
01000000001110101110100110000000
11000000101111010011000010100000
01000001100011001110000011011110
01000001001011010011111100111000
11000000101011100010001110011000
01000000010000100010101000110000
11000001010110011111101101110000
11000001000010111010001000100000
01000001000110011010011101000100
11000001010011100111110001101100
00111101100110011010011000000000
01000001100110111111101110011010
01000000111100001111001111000000
11000000101001010010010111110000
01000000010101011110011100110000
11000001001011000100011000111000
11000000111000101111110000111000
11000001011010000001111010000000
01000001001011000100010011101100
01000001000100000100100101110100
01000000101100000011001101110000
01000001100100100111100011100110
11000000111000111101001101110000
11000001101010001001001010100100
11000001000011101011111110001000
11000000000000111010010110100000
01000001100010001110100111011000
11000001001111000100100101001000
01000001111000110100101001010110
11000000010100010001001000100000
11000001001101100111110110001000
00111111100111001000000100000000
11000001100001110101111110110100
11000001000111011100100100100000
01000010000000100100000101111000
11000000110110101100011101001000
00111110110000100101100100000000
01000001000110111000011010001100
11000000101001101011011011011000
11000010000011110100001010111001
01000001101111001000000001000110
01000001100000110011010010010010
11000000110111001000011011001000
11000000100011101010101010100000
01000001000000100111011011100100
11000001110100100110001111000100
01000001010111001000001110101100
01000000001111110101110110110000
01000000100100001000111011100000
01000001000011001000000111100000
11000001100100001111010111010100
01000001001110011001000110100000
11000001100000010000011110100000
01000001000010100011010001000100
01000000101110110101101111011000
10111111001100101011010100000000
11000001010101010111010111110100
10111110000100100110111100000000
01000001011000000111011110001000
01000001011101100111000111100000
11000001011000111000001101011000
11000001011111001111110111001000
01000000010010011111110011010000
01000000101110000111111010100000
10111111101010011011111011000000
01000000011001101000101100100000
00111111101101100110100100000000
01000000101011100110001110010000
11000000101111101101011001011000
11000001000000011000100110000100
00111111011000110110100100000000
01000000000001111010001000000000
01000001101100000001110100100010
11000001101010111100000110001010
00111111001111100010101001000000
11000001011001111001111011111000
01000001101010000110110000010000
01000000000000111111000110110000
11000001000000110010001011010000
11000000000010011110111100100000
01000001011110010000101000100000
11000001100001011011000010011100
01000001000111011011011101000100
11000000111010100111010000101000
11000000001001000011001100010000
01000000001011000101010001100000
11000000101001100011001001011000
01000000111011010110011101010000
01000001001111111001111010011100
11000001001110110011111110100100
10111110000000010000010000000000
01000001000111000000010010000100
11000001010001111110011010100100
11000001011011000001011111100100
01000001100011100000111011011000
01000000010010100111011110110000
11000000010111101001010001010000
11000000010110110100111111110000
01000001011111110001011111101000
11000001010101101001000110101100
10111011100110100100000000000000
10111101101111010010011000000000
11000001000100110110111011101000
01000001011101111111101110000000
11000000100010000000000001100000
01000000110100110000011101111000
11000001101000110111110001010100
01000001100100000010011110010110
11000001000110100101110010011000
01000000010111111111001000010000
01000000011010101111010111110000
10111110100110110100100100000000
01000001001100001100000010000100
11000001101011010110010101000100
10111111101011101010001111000000
01000001011000110100110110001100
11000001011111100011011101100000
01000001100100010110001000111100
11000001000001111000011100101000
01000000101011101001111000010000
11000000110011000001100101111000
01000001000101100010001001011100
10111111000000000011110010000000
11000001011010110111111011000100
01000001001001000100100000010100
11000000110110010111111111111000
10111111100000101111111110100000
11000000101000110011011010001000
01000001011111000111110000110000
01000000101110010100001111011000
10111111001110010100001101000000
10111110011011000101110100000000
11000001100100110111111101100110
11000000001011100110111100100000
01000000100010110011101101000000
01000000101110110001101101000000
10111110101000000111101100000000
01000000101000000111101011010000
01000001001010100101101010110100
11000001011110110010100100110000
01000000110001000011100111010000
11000001000101101000110100110100
11000000010111010010101000010000
01000000110001110001110110001000
01000000000100011110110011010000
00111111101010000111100111100000
01000000001111101011111000010000
10111110100111100101101000000000
11000001000001010110001001010000
10111111100111010101010000000000
01000001000011110101111011011100
11000001010000000110000001011100
01000001101001010011110001000100
11000001000011000100001001110100
10111110010000101000011100000000
11000001010000101000111111100000
00111111000000001000001111000000
01000000111100001111010011110000
01000000101011001000100000101000
11000000011100101110111111110000
11000000101110011100101111010000
01000001100000111110101111111000
10111111111010111111011010100000
11000001001000011000010100010000
11000000110101110110011101101000
11000000111110000011100010110000
01000001001110110101110010110100
00111111011000100110011110000000
01000001010100011100010100001000
10111111000000010000111010000000
11000000011100101000010101110000
11000001001000001101110000111000
01000000011110101110110011010000
11000001010110101100010011000000
01000000100111010001000101100000
01000001000111000101011110101100
01000001000010110001010110111100
01000000000100000011011001000000
11000001100100000011000000101000
10111111110011000000111000000000
01000000110001010101010000011000
10111101110110011001011000000000
01000001010101011100011101101100
11000001011110101000111110011100
01000000001110011110010111110000
11000000110111001101110111111000
01000000111001110111010111100000
10111111111110001011001100000000
01000001011110110010010011110100
11000001100011001101100101000100
01000000100000001100100010010000
10111111111011110001011100000000
01000000111000001000011010010000
11000001001011001111110110101000
01000001000011011010011111001100
11000001001110010110001011000100
01000001000111111011011010100000
00111111100100100100101010000000
01000001000111010011101001100100
11000001001100100101100101110000
11000001000011100001101000111100
11000000011001111100001010010000
01000001001010011011110111000100
01000000110000001001011100001000
11000000010000101000101110110000
01000000101100111100100011100000
11000000010000001001011000000000
11000001011110110110000111010100
01000001000000011001000001000100
01000000000111100011000111000000
01000000000001101110111101000000
11000001000001010000001101100000
01000001001101010000010101111000
11000000101101001011011101111000
01000000111010001010000101001000
11000000100100100100110110110000
10111110111110001000010100000000
11000000101010001010000110101000
00111111000011101000100011000000
10111111000100000010000110000000
10111111100011110010100110000000
01000000110110101010101010100000
01000000110100101101111100111000
11000000101101011110001111100000
11000000000100100001011000100000
11000000100100000110001011111000
01000000110010101101001010111000
10111111110011101001010011000000
11000000000010001111010110000000
01000000100000011011011001111000
11000001011111101001100100011000
01000000110101010000100101110000
01000001000100001010110101110100
01000001001110010101100000101100
10111111101001110000101111000000
11000000011011000100101110010000
11000001110011000100001111000100
01000000101100010101010100100000
01000000100000001010101000101000
01000000111101111001111010000000
00111111100010001110111111100000
01000000101011011010011110101000
10111111100101101001100111000000
11000000101010000101010011011000
01000000100101001111010001100000
11000000111101100010111111011000
11000000110010000100010000101000
01000000001010000001011001000000
01000000001011110011111001000000
01000000100010100111001110101000
01000000111010000100010001111000
11000000100000001000100111101000
11000000110101000011000110100000
11000000101000000011100101001000
01000001001000000001000001011000
01000000001001100010101100100000
00111111100111010101110010000000
11000001100111100011100000011100
01000001100000101110000101000010
11000000100101101001110111100000
11000001000000111110100100110000
01000001001100111111101010010100
00111110010000100000110100000000
01000001100000111100011001111010
11000001101101000011110101111100
01000001000001111111011111100100
11000001001111110011011101101000
01000000000110110100110100100000
00111111100110000010010110100000
01000000101100001010110001000000
11000000111111110010010100101000
01000001011010100010001010111100
01000000001000010000001001110000
11000001000000011000000001001000
11000000011000100110100110110000
11000000100111111111001010101000
00111111110111001010011010000000
11000000100010010111101100001000
01000001010000000001011100011100
01000000111100101010000110101000
10111110110111101010010100000000
11000001101001111000110011011110
10111110110111101010010110000000
01000000111100101010000110100000
01000001010000000001011100011100
11000000100010010111101100000000
00111111110111001010011010100000
11000000100111111111001010101000
11000000011000100110100111000000
11000001000000011000000001000100
01000000001000010000001001110000
01000001011010100010001010111100
11000000111111110010010100101000
01000000101100001010110001000000
00111111100110000010010110100000
01000000000110110100110100100000
11000001001111110011011101101000
01000001000001111111011111100100
11000001101101000011110101111010
01000001100000111100011001111010
00111110010000100000110000000000
01000001001100111111101010011000
11000001000000111110100100101100
11000000100101101001110111011000
01000001100000101110000101000100
11000001100111100011100000011010
00111111100111010101110010000000
01000000001001100010101100100000
01000001001000000001000001011000
11000000101000000011100101001000
11000000110101000011000110100000
11000000100000001000100111100000
01000000111010000100010010000000
01000000100010100111001110110000
01000000001011110011111001000000
01000000001010000001011000110000
11000000110010000100010000101000
11000000111101100010111111011000
01000000100101001111010001100000
11000000101010000101010011011000
10111111100101101001100111000000
01000000101011011010011110101000
00111111100010001110111111100000
01000000111101111001111010000000
01000000100000001010101000100000
01000000101100010101010100011000
11000001110011000100001111000110
11000000011011000100101110010000
10111111101001110000101111000000
01000001001110010101100000101100
01000001000100001010110101110100
01000000110101010000100101111000
11000001011111101001100100010100
01000000100000011011011010000000
11000000000010001111010101110000
10111111110011101001010011000000
01000000110010101101001010111000
11000000100100000110001011111000
11000000000100100001011000010000
11000000101101011110001111011000
01000000110100101101111100111000
01000000110110101010101010011000
10111111100011110010100110000000
10111111000100000010000110000000
00111111000011101000100100000000
11000000101010001010000110101000
10111110111110001000010100000000
11000000100100100100110110101000
01000000111010001010000101001000
11000000101101001011011101111000
01000001001101010000010101111000
11000001000001010000001101011100
01000000000001101110111101010000
01000000000111100011000111000000
01000001000000011001000001000100
11000001011110110110000111010100
11000000010000001001011000000000
01000000101100111100100011100000
11000000010000101000101110110000
01000000110000001001011100001000
01000001001010011011110111000000
11000000011001111100001010010000
11000001000011100001101000111100
11000001001100100101100101110000
01000001000111010011101001100100
00111111100100100100101010000000
01000001000111111011011010100000
11000001001110010110001011000000
01000001000011011010011111001100
11000001001011001111110110101000
01000000111000001000011010001000
10111111111011110001011100000000
01000000100000001100100010001000
11000001100011001101100101000100
01000001011110110010010011111000
10111111111110001011001011100000
01000000111001110111010111100000
11000000110111001101110111111000
01000000001110011110010111110000
11000001011110101000111110011100
01000001010101011100011101101100
10111101110110011001010000000000
01000000110001010101010000011000
10111111110011000000111000100000
11000001100100000011000000101000
01000000000100000011011001000000
01000001000010110001010110111100
01000001000111000101011110101100
01000000100111010001000101011000
11000001010110101100010011000000
01000000011110101110110011000000
11000001001000001101110000111100
11000000011100101000010101110000
10111111000000010000111001000000
01000001010100011100010100001000
00111111011000100110011110000000
01000001001110110101110010110100
11000000111110000011100010110000
11000000110101110110011101110000
11000001001000011000010100001100
10111111111010111111011010100000
01000001100000111110101111111000
11000000101110011100101111001000
11000000011100101110111111110000
01000000101011001000100000101000
01000000111100001111010011110000
00111111000000001000001111000000
11000001010000101000111111100000
10111110010000101000011000000000
11000001000011000100001001110100
01000001101001010011110001000100
11000001010000000110000001011100
01000001000011110101111011011100
10111111100111010101010000000000
11000001000001010110001001001100
10111110100111100101101000000000
01000000001111101011111000100000
00111111101010000111100111100000
01000000000100011110110011010000
01000000110001110001110110001000
11000000010111010010101000010000
11000001000101101000110100110100
01000000110001000011100111001000
11000001011110110010100100110000
01000001001010100101101010110100
01000000101000000111101011011000
10111110101000000111101100000000
01000000101110110001101101000000
01000000100010110011101100111000
11000000001011100110111100010000
11000001100100110111111101100100
10111110011011000101110100000000
10111111001110010100001110000000
01000000101110010100001111011000
01000001011111000111110000110000
11000000101000110011011010001000
10111111100000101111111110100000
11000000110110010111111111111000
01000001001001000100100000010100
11000001011010110111111011000100
10111111000000000011110010000000
01000001000101100010001001011100
11000000110011000001100101111000
01000000101011101001111000011000
11000001000001111000011100101000
01000001100100010110001000111110
11000001011111100011011101011100
01000001011000110100110110001100
10111111101011101010001110100000
11000001101011010110010101000100
01000001001100001100000010000100
10111110100110110100100100000000
01000000011010101111010111100000
01000000010111111111001000000000
11000001000110100101110010010100
01000001100100000010011110010110
11000001101000110111110001010010
01000000110100110000011101111000
11000000100010000000000001011000
01000001011101111111101110000000
11000001000100110110111011101000
10111101101111010010011000000000
10111011100110100100000000000000
11000001010101101001000110101100
01000001011111110001011111101000
11000000010110110100111111110000
11000000010111101001010001010000
01000000010010100111011110110000
01000001100011100000111011011000
11000001011011000001011111100100
11000001010001111110011010100100
01000001000111000000010010000100
10111110000000010000010000000000
11000001001110110011111110100100
01000001001111111001111010011100
01000000111011010110011101010000
11000000101001100011001001010000
01000000001011000101010001010000
11000000001001000011001100010000
11000000111010100111010000110000
01000001000111011011011101000100
11000001100001011011000010011110
01000001011110010000101000100000
11000000000010011110111100100000
11000001000000110010001011010000
01000000000000111111000110110000
01000001101010000110110000010000
11000001011001111001111011111000
00111111001111100010101001000000
11000001101010111100000110001010
01000001101100000001110100100010
01000000000001111010001000000000
00111111011000110110100100000000
11000001000000011000100110000100
11000000101111101101011001010000
01000000101011100110001110010000
00111111101101100110100100000000
01000000011001101000101100100000
10111111101010011011111010100000
01000000101110000111111010101000
01000000010010011111110011010000
11000001011111001111110111001100
11000001011000111000001101011000
01000001011101100111000111100000
01000001011000000111011110001000
10111110000100100110111100000000
11000001010101010111010111110100
10111111001100101011010101000000
01000000101110110101101111011000
01000001000010100011010001000100
11000001100000010000011110100000
01000001001110011001000110100000
11000001100100001111010111010100
01000001000011001000000111100000
01000000100100001000111011011000
01000000001111110101110110110000
01000001010111001000001110101000
11000001110100100110001111000100
01000001000000100111011011101000
11000000100011101010101010100000
11000000110111001000011011000000
01000001100000110011010010010010
01000001101111001000000001000100
11000010000011110100001010111001
11000000101001101011011011100000
01000001000110111000011010001100
00111110110000100101100100000000
11000000110110101100011101001000
01000010000000100100000101111000
11000001000111011100100100100000
11000001100001110101111110110010
00111111100111001000000100000000
11000001001101100111110110001000
11000000010100010001001000100000
01000001111000110100101001010100
11000001001111000100100101001000
01000001100010001110100111011000
11000000000000111010010110100000
11000001000011101011111110001000
11000001101010001001001010100010
11000000111000111101001101101000
01000001100100100111100011100110
01000000101100000011001101110000
01000001000100000100100101110100
01000001001011000100010011101100
11000001011010000001111001111100
11000000111000101111110000111000
11000001001011000100011000111000
01000000010101011110011100110000
11000000101001010010010111110000
01000000111100001111001111000000
01000001100110111111101110011010
00111101100110011010011000000000
11000001010011100111110001101100
01000001000110011010011101000100
11000001000010111010001000100000
11000001010110011111101101110000
01000000010000100010101000110000
11000000101011100010001110011000
01000001001011010011111100111100
01000001100011001110000011100000
11000000101111010011000010100000
01000000001110101110100110010000
00111110011100011001001000000000
11000001110000111000111001000100
01000001000010010000110101010000
11000001000111010101010011100100
01000001010110010010000010010000
00111110110100110101010000000000
00111110111110011111001100000000
01000000101010011100110000101000
01000001001010001000111111001100
11000001001011001000111010001000
00111111111011100111011000000000
11000001101110110001010010111000
11000000000110001000101110000000
01000001011001101101111110000100
01000001000000011001010001101000
01000001101001111000101010001010
11000010000001011000001101100011
01000001001111101011010011001100
00111110001110100000100100000000
11000001000100111000000010001000
11000000111000001111111110101000
01000001110000001111101000111010
11000000100100011011010100000000
11000000110000010001111101100000
11000001011000000101001001000100
01000001001011001011001011111000
01000000011101110101100100010000
01000001001110110000110001000100
11000001010010101000001001010100
11000000101110101100111001100000
01000000001010110100010011010000
00111111100000100001100101000000
01000001001110000000111001110000
11000000101100100011101000110000
11000000101100010101010100110000
11000001011001011001011101010000
01000001010101101001111010010100
00111111111110000000001111100000
01000000110110101110101000110000
01000000100101011001011111011000
11000000011011100011001101110000
11000001010001110000100001110000
11000000110110110101111100101000
01000001011011100101011100011100
10111111110110111011001100000000
11000000001100101110110110010000
11000000111000100110101000110000
01000001001111101101110001100100
11000000110100110011110110110000
01000001000101011100101110110100
01000001010010011010011111001000
11000000100011111001100011000000
11000010001011100011101110111100
01000001100011011000111110010000
01000001010110010110010100011000
01000000010101101100011111000000
00111111000101001110101100000000
11000001011000001111001010001100
01000001011111000101110111100100
11000000100000010011011110111000
11000000101110111111111010110000
01000001000001000111110001111000
01000000101001101101110011100000
11000001111011111000100110101010
01000001001110101101000111110100
00111111110110101010100101000000
01000001010101111111100111010000
11000001010111001001011010111000
01000001100110010001101110110100
11000000110001110101101000101000
11000001001011010111110111101100
01000000101001011100010111110000
01000000100101001001001110100000
11000001011000110100100001100000
11000001001010011110100111001000
01000001000011101110101111010100
01000001100011011101001111010110
01000000111111000111110011100000
01000000110011110111011111111000
11000001110101111001110110011010
11000001100111001000101101100110
01000001101011110010010001000010
01000000000010011110011011000000
01000001000011110110110001000000
01000000100110010010110101100000
11000001100011001101000001010010
11000001100001011100011011001110
01000000011100111101111100010000
01000010000010011001110000111010
11000001000110110000101101100100
01000001100110111001101010000110
11000001111101100001011111011110
11000000101100000001010111011000
11000001001011101101011111010000
01000001010001100110011000010100
00111111111101010101110100100000
01000001010111111110001100100100
10111111111011001011110010000000
11000000010001101111010111000000
01000001010101111100111010011100
01000000100011101000101110001000
11000010000011111001101010101111
11000001000110001111010000010000
11000001000001011000010001100000
01000001111000111100110100010000
01000001101101011111110000111100
01000001010010000111000001001000
11000001010011110011101101000100
11000001100010111001100100111110
11000001010111011100010100010000
11000000111110001111100101011000
11000000110010010001101101101000
01000001111000010011110111111010
01000001001011011110000111110000
01000000111100011111000001101000
11000000011101010010100011110000
11000001100000101100100111011010
01000000111010101111010101101000
11000001101000111101010100001000
11000001000001111101001100110100
11000000011101011011110110100000
01000010000111000100101100000100
01000000110000111000011010001000
10111111101001010100001100000000
11000000101110111111001010001000
11000001011110101010101011110100
11000001010101110010011101111100
01000001011000100011011011001100
11000001001100100001011000010000
01000001010100101111100111001000
11000000101001101100001001001000
01000001100011101111111101011010
11000000000101111110111010010000
01000000011010110001110010000000
01000000010101110001010011100000
11000001110000110111111100011100
11000000100001011011011101100000
11000001100001100001111001111010
01000001001100010001110010001100
01000001111000010111111101100110
01000001010101110001010111011000
11000000001110111100100110000000
11000001000000110111110011110000
11000001110100001011101000101110
01000000110100010010001101111000
11000001001011000111011100010000
01000001101110010111100101100010
11000001100110000000100101010010
01000001000011011110010101110100
01000000110110001100011001110000
01000010000000001010110101110001
11000001110101010000110100100100
11000001000100100011001010000000
11000000110100000101100101000000
11000001010101101110001011000100
01000001100001111010100111011110
00111110000101100000011000000000
01000001110110101111001101001100
11000001110110001001111011011010
01000000100011100110111011000000
11000001001001010001000110110100
01000001101010101110111000011100
11000000111011101010001100111000
01000000110011001001111111101000
11000000011100101110101100100000
11000001111110100101101011100010
00111110110100001100100010000000
01000001011100001000111110101000
01000001111110110111001000001010
01000000111010100011010011100000
11000001010100100110001111101100
11000001101001100100100110000100
11000001110110010011010010110010
01000001100000010100010001100010
01000001101111011111001101000100
11000001010011110000101110111000
01000001101111000011010110111100
11000001011000011000010011101000
11000001011101100100001011001100
01000001100001111010010111111110
01000001000011101011001010100100
11000001001110111100011011101000
11000010000100011110110110001101
01000001101010011101110011011100
01000001001001111101001100100100
01000001100010111001101110001010
01000001000011111111111011010100
11000001100001100110001001001100
11000001101000010010111111110000
11000001001010100001100110011000
01000001111010101011100111100000
11000000111101111101100100101000
01000000100110011110101110100000
11000001101111001001110110010000
01000001100011010000010101011000
01000001001111001101100011011000
01000001100000101100000011000110
11000000011110100100101010110000
11000001110101001100100100101110
11000001100010110110000001110110
11000001111010101010110010010010
01000010010000111100001101001110
01000001101010010101001000001010
01000001000110000000111000101100
11000001100100111101000101011110
11000000010110110110001000110000
11000001100110011110001100011000
01000001000100011101010101101100
01000000110111101001111111110000
01000000001011111100010110110000
11000010000100010110110101100111
01000001000000110001101101011100
01000001011010111000001011000000
01000010000000011111001011101111
01000000111111011011000100010000
11000000011000101001100011000000
11000010000100000000001001111000
10111111101101001011001010000000
11000001010011101110101011001100
11000001001011111110000001111000
01000001000010110000000111000000
01000001101011000001001100000100
11000001010111000001101110010100
01000010011110101111111011000101
01000001100011111100010011000100
11000001110001010100011010110000
11000001011001010101000011011100
11000010110110110101001111001010
01000001001110011010101010101000
11000011001110000110010111100101
