0000000000000000000000000000000001000100000000000000000000001011
0100000011110011011010110110000001000001010100101111011010111000
0011111110011101110111000100000001000001100111000110110001100100
1100000110110000101110000011110011000000111101101100011010100000
0100000100011011000001111011100011000001101011100110110000011100
1011111110111000101011001000000001000001000010010001101001111000
1100000010110101001100011110000011000001100001101011100110000100
1100000110001010001011001010000001000010000010100011011100000000
1011111101111111100110010000000011000001000000101010111000100000
1100000101111110110001001011100011000001110000010001101101101100
0100000011011111001101000111000011000010000011111000000111110110
0100000011101001100111001101000000111111111010101110101100000000
1100000100001010100101011101000001000001101011010100100100100100
1011111111111111110011001000000001000001100111000110001110100000
1100000111000001000001010011110001000001111010000100111111010000
1100000010000111100110110000000011000010000010011101000011110110
1100000001011101011000001000000011000010000010001010000001010100
0100000100110000000000011000000011000001011011110111111110000000
0100001000000100111000101100000011000001101001111110000100101000
1100000000101000000111001110000011000001000101001111001011110000
1100000110110001101110011010110001000001101000111000110011100100
1100000100100101101011001111000011000001100010110011111000110000
1011111000100000110110100000000011000001111111000010101011001000
1100000101100010101011100111100011000001001100110010100111011000
0100001000000110011110000010000001000001011000101100001100011000
0100000110101101011110001100100001000001111111011000010011110100
1100000100000001010010010011100011000001010100100010000010101000
0100000110110111011100000000100011000000101110000011100010110000
1100000001011010000001001100000011000001110001110001011110110000
0100001000001000010010110110111011000000100000010010101111100000
0100000111110000011100101101100001000001011111100101010110110000
0100001000010110011000101100000001000001100111110111000001010000
0011111011010000110010000000000001000000111011101011001111010000
1100000111010110001111001011110011000000101100011001111100100000
0011111110100110111100000100000001000001001000101010011111111000
0100000001001011100110101000000011000001011011000010100010111000
0100000100011101011110101011000011000001111011001000011011010100
1011111100101111101101101000000001000000101101000000010100110000
0100000110000101000011100010010001000001110000001111001010011000
0100000111011100110011010011000011000001010010101110111110001000
1100000111100110111010110111000001000001011001100000011000000000
1100000110101011010011101100000001000001000111101110011000101000
0100000110111001011001001110110001000000010111100011010100000000
0100000001110110010111100000000011000000101010010000010100110000
1100000101101100011010011110000001000001100111100000110110001000
1100000100001110000000001100100001000001100111110010010011111000
1100001000100000001110111011000001000000111001011010111100100000
1100000101011000101011111001000001000001100101101110001010011100
1011111100001110011010000000000011000000101010011110001011110000
1011111011100011000110100000000001000000001101010111111010000000
0100000010010011000011100001000011000000110100000011111100100000
1011111011100101111110100000000011000001001110010110001101110000
1100000110111010011000110101010001000001001010101010000110011000
1100000001011100011110111000000001000000101001101101110100110000
1100000001010011000011111000000011000000101011000100111111000000
0100000011001001011110010001000011000010010001111001111100111000
0011111111101001110100001000000011000001101010110100011100010000
1100000101100010110001100000100011000001000010110100110100010000
0011111011011101000000010000000011000001011100111011001011010000
0100000011101011001100011000000011000001111011000110110110111100
0100000100011111000010100111000011000001001000010111001111110000
0100000100110111011101101110000011000001010101111000101100011000
0100001000000011101010001101101011000001001011001110011110101000
0100000111011011111101011110010011000000111101011100001010010000
0100000000010110001010110100000001000001000110001111010000001000
1100000101110101101110000000100001000001111011011001011010111100
1100000010110001111011001100000011000001000010010101101011111000
0100000010110111001010110101000001000001010011100010000100110000
0100000101000011110101010011000011000000000000011100001100100000
1100000011011111000001110000000001000000100100001110110111010000
1100000111110011001111100101110001000001011110011111100011011000
1100000110010110001001011001010001000001111101000010100101110100
1100000111000001001111000011110011000001000000011000010000101000
0100000010000111011100001000000011000001001101100110100011100000
1100000100011001011010110001100011000000101001010010000110100000
0100000111011110111011100011010011000000100101110010111011110000
0100000010101000101001011010000001000001100111000111010100111100
1100000011001100101110101101000001000001100111110000011110011000
1100000101011001111110010110100001000001111011111100111111110100
0011111100001100110110000000000011000000100111000000011111000000
0100000011011100011101000010000001000001000001110010000010101000
1100000101000011001001001001100001000001100101111100110111100100
0100000110111000011000010011000001000001001101001011001110000000
0100000100011001110010010001100001000001000110101110110001001000
1100000110101011101100110000010011000001101001001110010110011100
0011111110000111001010011000000001000000110100001111111001110000
1100000101101110111010010110000001000000101000111001010011010000
0100000100011010000011011111000000111111100001110001100000000000
0100000100111100010011010101100001000000111000101111010100000000
1100000101001011001000010100000001000010001111010001111100100110
1100000101110001001100110011100011000000110001110111011000100000
0100000100010001000111000111000001000001100000010011011110001000
0100000100000011110001001011100011000000101100100110111000000000
0100000001110001000110000100000011000001000110011111101010011000
0100000100100111001011110001100001000001101111000100111001111100
0011111110111001011110000100000001000000010110111100111011100000
1100000011011010111010100100000010111111101010101101001111000000
1100000011111110010101110111000001000001001101100111000100010000
0011111011110110110011000000000011000001000101010010100111001000
0100000100100100010111100011000011000000101001111001000100110000
0100000011111100100110110101000011000000100010011000111100100000
0100000100101001111001100010100001000001011010101100011010100000
0100000010111110011110001101000001000000111100100000101010110000
1100000100110111100100011101100011000001000010000101111011000000
1100000100001000110100111000100011000001000010111111001111100000
0100000111010000110000110010010001000000101110000011111100010000
1100000010001101011110101110000001000001010111110010111100111000
0100001000100000001001100101000011000001001111011100110011010000
0100000110010000011101110101100011000000000101001101101110000000
0011111001111101111111100000000001000001001011001100101111000000
1100000011111011100000000111000011000000001010010101100110000000
1100000101001111101101100111000001000000001100111011010000100000
1011111110100111001100001000000010111111000111011010010000000000
0100000010101101001011111010000001000001010001110011101101110000
0100000100001001000100100101100010111110110100010000111100000000
1100000101111111111111000110000011000000100010000000011001100000
0100000011001111110001000011000000111111011011001011010100000000
1100000111010111010001010100000011000001100100001101100000001100
1100000101001011001010101011100001000000111000001011010111110000
1100000100000000001011100111100011000001011011001000100011101000
1100000010101100110111001100000001000001001110111011001010101000
1100000110011010100101001110000011000000111101101101110010010000
0100000010010010001011000111000011000000000110011011101101100000
1100000010001010101110001101000011000001001000111101111011100000
1100000101000101100000010011100011000001010001001110000101001000
0100000101011111000011001111100011000000000010100001110100100000
0100000001001100111001000100000011000001110100101000000001110000
0100000110010111001110001001010011000001000110110111110101111000
0100000111011000111010101111000011000000000000111010010110100000
1100000001111001001111110010000011000001110000000101111110001100
0100000011110010110101101010000001000001001001110100001100001000
1100000010111101111011000101000001000000000010000111000001100000
0100000110000100001010010001100001000010000000100000001100100110
1100000101101000000000011100000011000001000100010000000001010000
0100000010011111000110000100000001000001001101010001101000110000
1100000111110100000010101000110001000001100111010110010010011000
0100000110100000101001010111110011000001110100001000111011000000
0100000010010100111000010010000001000000011101011110111100000000
0100000110111001010110100011000011000001101000111010000101110100
0100000101000100011101010101100011000001001110001001010100000000
0100000001100010001010110100000011000001001010000100100011111000
1100000100110111011100110111100011000001000100010101100110100000
1100000100001111110110100111000001000000010010100100010000000000
1100000110110011000010000011110011000001001101011011010100011000
0100000000000010010110110010000011000000000011110100110011000000
0100000110100100101101000101010001000000111100000010010010010000
1100000101010000101011111011000001000001100010010110001001110100
1100000011010010000000001100000001000000000111100010100000000000
0011111100101101000101110000000001000000100110010001011111010000
0011111100101100101100111000000001000000110010010001101011100000
1100000100010001111100101010000011000000000010111000100011000000
1100000010111011001100001000000011000000000110100011000001100000
0100000111101110100101000011010011000001011111100101001000101000
0011111111111111011110100100000011000001100011011101001111101000
1100000111010101100000010100110001000001100001001101001001110000
1100000000111001111110110010000011000000100111001101110110000000
0100000000010100101011001110000001000001100011000000000101110100
0100000101000110100001101011000011000000110011100110010111010000
1100000010111101111000110110000011000000001111110001110101000000
0100000011111101100000111001000001000000101000010110111100100000
1100000100111011001111111010100001000001000111001000000101010000
0100000100100101101001000011000011000000110101001101111110100000
0011111111000000101111011100000001000001101010110110011001000000
1100000100010111000101010111000011000001000110011001110001110000
0100000011011100100000101011000011000000100110111010101010110000
1100000101100101100111000001100001000000101010110010001100010000
0011111110001111110111110100000000111111001101001001110010000000
1100000101011110101000101110100011000001000001001110010101001000
1100000100101000000000111101000011000001000000011110011010010000
0100000000100001010100110110000001000001100011110101011001111000
0100000010111001010110000110000011000000111000010100010001100000
1100000100001000001110101101000011000000101111011111110010100000
0100000100101001011100111010100001000001100101111110110111010000
1100000101011111011011000110000001000000001011100001100000100000
0100000010000011110110010101000001000001100101010101010101101100
0100000001100011110111000110000001000000101001111000011000010000
0100000100001010001110110111000011000000100101000010111000000000
0100000000000001100001010000000001000001011101010011000100100000
0100000011011101111011010100000000111111100010010000110111000000
0100000110100011010101010111010010111110000100110101000000000000
0100000000100011001011010000000001000000110100110101110011100000
0100000011110001001101000000000001000001001010001100111111101000
1100000001011101010010010010000001000000011110010110100010100000
1100000010101010001101111000000011000001001011100011001010010000
1100000000011111010011100100000001000000100011001011010101110000
1100000101110001011111111001000011000000110101110001011011000000
1100000010110011001010000111000001000001000101111100100001100000
1100000001000111010101111010000011000000101110101000001001110000
1011111011110100111100000000000011000000100010101110111101000000
1100000100100010011011001101000011000000110011100011111100000000
0100000001111011001010010100000011000000100110011111000101110000
1100000101001001110001000000100000111110111001000111001100000000
0100000101100101000001110100000001000001000011000100001001110000
0100000100110101011001011101100001000000100011010001101000000000
0011111011101001000101000000000001000001001000011101010101110000
1100000000010001110110100010000011000000010000111101000000100000
0100000101101100000001100100100011000001001001011101011110000000
1100000001101101100101011000000001000001000110100111100111111000
0011111110101101000001100100000001000001010111101101000111001000
1100000000001101101100011010000010111111100100000001101010000000
1100000101000101011110110111000001000000100100100010001101110000
1100000100100101000010001100000011000000101000100000011010010000
1100000100111101010101110000100001000001001010110010110101000000
1100000101011000000101100000100000111111111001110011111110000000
1100000010101101100100011011000011000000100000011111101000100000
0100000110011011000110001001000011000000110011111111110011110000
0011111011100101100010010000000011000000101101000101011111100000
0100000010100010011110010110000001000001100111011100110000011100
0100000100100010000111100100000010111110101111100010001000000000
0011111101001110010010100000000011000000001101011100110001100000
1100000100011100100010011010100011000001100001011101001001001000
1011111101101110010100001000000011000000011111100010010010100000
1100000011111101011011010110000001000000111101101100011000100000
0100000100100100100110110100000001000000110110010111001111010000
1100000010000001000111101010000011000001000101011101010010001000
1100000101110101010100000110000011000001001111101001110110110000
0011111111000001100111100100000011000001010100011101010110001000
0100000010001111000001000001000011000000100000100100110100000000
1100000010110101001111111100000011000000010101011111001111100000
0100000101111110110100111111000000111110100101011111100100000000
1100000101000010010111010011100000111101110101001011100000000000
1100000100001101010110000110100010111111101101110100010010000000
1011111101101001101110001000000001000000111110010100010001000000
0100000010011011100101011111000001000000010001110110111100100000
0100000010101000101000011010000001000000000000101110011100100000
1011111101010111111001011000000010111111011001100101010000000000
0100000011000111101111001011000001000000010010101001110001100000
1011111111011100000111001000000001000001000000101111111100010000
1100000010010110011000110011000001000000101100010010000100010000
0011111111100111010010001000000010111111100101110100101100000000
1100000000101000000011100100000001000000010011000101010100000000
0100000110100111010100111111000011000001000111111000111000101000
0100000100101001100000000101100011000000100101100011101101010000
0100000100011001011011100000100001000000010011100110111000000000
1100000100101011110111101001000001000001100000101001000011000100
1100000011010011000010110001000001000000100101111100010010000000
1100000000001110001101101010000001000001000000000010111010110000
1100000010100001111110100101000000111111101110001000001000000000
0100000001101111011010010010000001000001000000011001010110000000
1100000010111010011111011110000001000000110001011011110001000000
1011111111010011001001100000000001000000100011110000001101110000
1100000101000000011011111101100000111111100111110101110101000000
1100000010110110010101000111000011000000110110001001001101010000
1011111111100101111010000000000011000000010010000001100011000000
0100000010100111100100010000000001000001110111100001011101111000
0100000001010101010010101100000011000000010110100001011011000000
0100000100111101111000000100000001000001000000100111101010101000
0100000101111011110010010000100001000001011101011111010100010000
0100000001010000100110111110000011000000111110110010001101010000
1100000001010100101001110100000000111101010101111100100000000000
1100000100001101101111100001000011000000100110111001001110100000
0100000010010110100100111110000001000001011000011000011110010000
1100000100010011110101111110000001000000100111101110101001000000
1011111011000011110001100000000001000000101100110010010100000000
0100000001111111011001001110000001000000000100100001101011000000
1100000100111000000100110011100011000001000110100101100110011000
0000000000000000000000000000000011000001101001111000110011100000
0100000100111000000100110011000011000001000110100101100110011000
1100000001111111011001010000000001000000000100100001101011000000
0011111011000011110001000000000001000000101100110010010100000000
0100000100010011110101111101100001000000100111101110101001000000
1100000010010110100100111111000001000001011000011000011110010000
0100000100001101101111100000100011000000100110111001001110100000
0100000001010100101001110010000000111101010101111100100000000000
1100000001010000100111000000000011000000111110110010001101010000
1100000101111011110010010001000001000001011101011111010100010000
1100000100111101111000000100100001000001000000100111101010101000
1100000001010101010010101110000011000000010110100001011011000000
1100000010100111100100010001000001000001110111100001011101111000
0011111111100101111001111100000011000000010010000001100011000000
0100000010110110010101000110000011000000110110001001001101010000
0100000101000000011011111101000000111111100111110101110101000000
0011111111010011001001011100000001000000100011110000001101110000
0100000010111010011111011101000001000000110001011011110001000000
1100000001101111011010010100000001000001000000011001010110000000
0100000010100001111110100100000000111111101110001000001000000000
0100000000001110001101101000000001000001000000000010111010110000
0100000011010011000010110000000001000000100101111100010010000000
0100000100101011110111101000100001000001100000101001000011000100
1100000100011001011011100001000001000000010011100110111000000000
1100000100101001100000000110000011000000100101100011101101010000
1100000110100111010100111111010011000001000111111000111000100000
0100000000101000000011100010000001000000010011000101010100000000
1011111111100111010010001100000010111111100101110100101100000000
0100000010010110011000110010000001000000101100010010000100010000
0011111111011100000111000100000001000001000000101111111100010000
1100000011000111101111001100000001000000010010101001110001100000
0011111101010111111001001000000010111111011001100101010000000000
1100000010101000101000011011000001000000000000101110011100100000
1100000010011011100101100000000001000000010001110110111100100000
0011111101101001101110000000000001000000111110010100010001000000
0100000100001101010110000110000010111111101101110100010010000000
0100000101000010010111010011000000111101110101001011110000000000
1100000101111110110100111111100000111110100101011111100100000000
0100000010110101001111111100000011000000010101011111001111000000
1100000010001111000001000010000011000000100000100100110100000000
1011111111000001100111101000000011000001010100011101010110001000
0100000101110101010100000101100011000001001111101001110110110000
0100000010000001000111101001000011000001000101011101010010001000
1100000100100100100110110100100001000000110110010111001111010000
0100000011111101011011010101000001000000111101101100011000100000
0011111101101110010100000000000011000000011111100010010010100000
0100000100011100100010011010000011000001100001011101001001001000
1011111101001110010010101000000011000000001101011100110001100000
1100000100100010000111100100000010111110101111100010001000000000
1100000010100010011110010111000001000001100111011100110000011100
1011111011100101100010100000000011000000101101000101011111010000
1100000110011011000110001001010011000000110011111111110011110000
0100000010101101100100011010000011000000100000011111101000100000
0100000101011000000101100000000000111111111001110011111111000000
0100000100111101010101110000000001000001001010110010110101000000
0100000100100101000010001011100011000000101000100000011010010000
0100000101000101011110110110100001000000100100100010001101110000
0100000000001101101100011000000010111111100100000001101010000000
1011111110101101000001101000000001000001010111101101000111001000
0100000001101101100101010110000001000001000110100111100111111000
1100000101101100000001100101000011000001001001011101011110000000
0100000000010001110110100000000011000000010000111101000000100000
1011111011101001000101010000000001000001001000011101010101110000
1100000100110101011001011110000001000000100011010001101000000000
1100000101100101000001110100100001000001000011000100001001110000
0100000101001001110001000000000000111110111001000111001100000000
1100000001111011001010010110000011000000100110011111000101110000
0100000100100010011011001100100011000000110011100011111100000000
0011111011110100111011110000000011000000100010101110111100110000
0100000001000111010101111000000011000000101110101000001001110000
0100000010110011001010000110000001000001000101111100100001101000
0100000101110001011111111000100011000000110101110001011011000000
0100000000011111010011100010000001000000100011001011010101110000
0100000010101010001101110111000011000001001011100011001010010000
0100000001011101010010010000000001000000011110010110100011000000
1100000011110001001101000010000001000001001010001100111111101000
1100000000100011001011010100000001000000110100110101110011110000
1100000110100011010101010111100010111110000100110101000000000000
1100000011011101111011010101000000111111100010010000111000000000
1100000000000001100001010010000001000001011101010011000100101000
1100000100001010001110110111100011000000100101000010110111110000
1100000001100011110111001000000001000000101001111000011000010000
1100000010000011110110010110000001000001100101010101010101101100
0100000101011111011011000101100001000000001011100001100000100000
1100000100101001011100111011000001000001100101111110110111010000
0100000100001000001110101100100011000000101111011111110010010000
1100000010111001010110000111000011000000111000010100010001100000
1100000000100001010100111000000001000001100011110101011001111100
0100000100101000000000111100000011000001000000011110011010010000
0100000101011110101000101110000011000001000001001110010101000000
1011111110001111110111111000000000111111001101001001110010000000
0100000101100101100111000001000001000000101010110010001100100000
1100000011011100100000101100000011000000100110111010101010110000
0100000100010111000101010110100011000001000110011001110001101000
1011111111000000101111100000000001000001101010110110011001000000
1100000100100101101001000011100011000000110101001101111110010000
0100000100111011001111111010000001000001000111001000000101010000
1100000011111101100000111010000001000000101000010110111100100000
0100000010111101111000110101000011000000001111110001110101000000
1100000101000110100001101011100011000000110011100110010111000000
1100000000010100101011010010000001000001100011000000000101110100
0100000000111001111110110000000011000000100111001101110110000000
0100000111010101100000010100100001000001100001001101001001110000
1011111111111111011110101000000011000001100011011101001111101000
1100000111101110100101000011100011000001011111100101001000101000
0100000010111011001100000111000011000000000110100011000001100000
0100000100010001111100101001100011000000000010111000100011000000
1011111100101100101101000000000001000000110010010001101011100000
1011111100101101000101111000000001000000100110010001011111010000
0100000011010010000000001011000001000000000111100010100000000000
0100000101010000101011111010000001000001100010010110001001110100
1100000110100100101101000101100001000000111100000010010010100000
1100000000000010010110110110000011000000000011110100110010100000
0100000110110011000010000011100011000001001101011011010100011000
0100000100001111110110100110100001000000010010100100010000000000
0100000100110111011100110111000011000001000100010101100110011000
1100000001100010001010110110000011000001001010000100100011111000
1100000101000100011101010110000011000001001110001001010011111000
1100000110111001010110100011010011000001101000111010000101110100
1100000010010100111000010011000001000000011101011110111100100000
1100000110100000101001011000010011000001110100001000111011000000
0100000111110100000010101000100001000001100111010110010010011000
1100000010011111000110000101000001000001001101010001101000111000
0100000101101000000000011011000011000001000100010000000001001000
1100000110000100001010010001110001000010000000100000001100101000
0100000010111101111011000100000001000000000010000111000001100000
1100000011110010110101101100000001000001001001110100001100001000
0100000001111001001111101110000011000001110000000101111110001100
1100000111011000111010101111010011000000000000111010010110100000
1100000110010111001110001001100011000001000110110111110101111000
1100000001001100111001000110000011000001110100101000000001110000
1100000101011111000011010000000011000000000010100001110100100000
0100000101000101100000010011000011000001010001001110000101001000
0100000010001010101110001100000011000001001000111101111011100000
1100000010010010001011001001000011000000000110011011101101100000
0100000110011010100101001101110011000000111101101101110010000000
0100000010101100110111001011000001000001001110111011001010101000
0100000100000000001011100111000011000001011011001000100011101000
0100000101001011001010101010100001000000111000001011010111110000
0100000111010111010001010011110011000001100100001101100000001000
1100000011001111110001000100000000111111011011001011010100000000
0100000101111111111111000101100011000000100010000000011001010000
1100000100001001000100100110000010111110110100010000111100000000
1100000010101101001011111100000001000001010001110011101101111000
0011111110100111001100000100000010111111000111011010001110000000
0100000101001111101101100110100001000000001100111011010001000000
0100000011111011100000000110000011000000001010010101100101100000
1011111001111110000000000000000001000001001011001100101111000000
1100000110010000011101110101110011000000000101001101101101100000
1100001000100000001001100101010011000001001111011100110011001000
0100000010001101011110101100000001000001010111110010111101000000
1100000111010000110000110010100001000000101110000011111100100000
0100000100001000110100111000000011000001000010111111001111011000
0100000100110111100100011100100011000001000010000101111011000000
1100000010111110011110001111000001000000111100100000101010110000
1100000100101001111001100011100001000001011010101100011010101000
1100000011111100100110110110000011000000100010011000111100010000
1100000100100100010111100011100011000000101001111001000100110000
1011111011110110110011010000000011000001000101010010100111001000
0100000011111110010101110101000001000001001101100111000100010000
0100000011011010111010100010000010111111101010101101001111000000
1011111110111001011110001000000001000000010110111100111011100000
1100000100100111001011110010100001000001101111000100111001111100
1100000001110001000110000110000011000001000110011111101010010000
1100000100000011110001001100100011000000101100100110111000000000
1100000100010001000111000111100001000001100000010011011110001000
0100000101110001001100110011000011000000110001110111011000100000
0100000101001011001000010011000001000010001111010001111100100110
1100000100111100010011010110000001000000111000101111010100000000
1100000100011010000011011111100000111111100001110001100001000000
0100000101101110111010010101100001000000101000111001010011100000
1011111110000111001010100000000001000000110100001111111010000000
0100000110101011101100101111110011000001101001001110010110011000
1100000100011001110010010010100001000001000110101110110001010000
1100000110111000011000010011010001000001001101001011001110000000
0100000101000011001001001001000001000001100101111100110111100100
1100000011011100011101000011000001000001000001110010000010110000
1011111100001100110110001000000011000000100111000000011110110000
0100000101011001111110010110000001000001111011111100111111110100
0100000011001100101110101011000001000001100111110000011110011000
1100000010101000101001011011000001000001100111000111010100111100
1100000111011110111011100011100011000000100101110010111011110000
0100000100011001011010110001000011000000101001010010000110010000
1100000010000111011100001010000011000001001101100110100011100000
0100000111000001001111000011010011000001000000011000010000101000
0100000110010110001001011000110001000001111101000010100101110100
0100000111110011001111100101100001000001011110011111100011100000
0100000011011111000001101110000001000000100100001110110111010000
1100000101000011110101010100000011000000000000011100001100000000
1100000010110111001010110110000001000001010011100010000100110000
0100000010110001111011001011000011000001000010010101101011111000
0100000101110101101110000000000001000001111011011001011010111100
1100000000010110001010111000000001000001000110001111010000001000
1100000111011011111101011110100011000000111101011100001010010000
1100001000000011101010001101110011000001001011001110011110100000
1100000100110111011101101110100011000001010101111000101100010000
1100000100011111000010100111100011000001001000010111001111110000
1100000011101011001100011010000011000001111011000110110110111100
1011111011011101000000100000000011000001011100111011001011001000
0100000101100010110001100000000011000001000010110100110100010000
1011111111101001110100001100000011000001101010110100011100010000
1100000011001001011110010010000011000010010001111001111100111000
0100000001010011000011110110000011000000101011000100111111000000
0100000001011100011110110110000001000000101001101101110101000000
0100000110111010011000110101000001000001001010101010000110011000
0011111011100101111110010000000011000001001110010110001101101000
1100000010010011000011100011000011000000110100000011111100010000
0011111011100011000110000000000001000000001101010111111010000000
0011111100001110011001111000000011000000101010011110001011110000
0100000101011000101011111000100001000001100101101110001010011100
0100001000100000001110111010111001000000111001011010111100100000
0100000100001110000000001100000001000001100111110010010011111100
0100000101101100011010011101100001000001100111100000110110001000
1100000001110110010111100010000011000000101010010000010100110000
1100000110111001011001001111000001000000010111100011010100100000
0100000110101011010011101011110001000001000111101110011000101000
0100000111100110111010110110110001000001011001100000011000000000
1100000111011100110011010011100011000001010010101110111110000000
1100000110000101000011100010100001000001110000001111001010011100
0011111100101111101101011000000001000000101101000000010100110000
1100000100011101011110101100000011000001111011001000011011010100
1100000001001011100110101010000011000001011011000010100010111000
1011111110100110111100001000000001000001001000101010100000000000
0100000111010110001111001011100011000000101100011001111100010000
1011111011010000110010100000000001000000111011101011001111010000
1100001000010110011000101100001001000001100111110111000001010000
1100000111110000011100101101110001000001011111100101010110110000
1100001000001000010010110111001011000000100000010010101111100000
0100000001011010000001001000000011000001110001110001011110101100
1100000110110111011100000000110011000000101110000011100010110000
0100000100000001010010010011000011000001010100100010000010101000
1100000110101101011110001101000001000001111111011000010011111000
1100001000000110011110000010001001000001011000101100001100100000
0100000101100010101011100111000011000001001100110010100111011000
0011111000100000110101100000000011000001111111000010101011000100
0100000100100101101011001110100011000001100010110011111000101100
0100000110110001101110011010100001000001101000111000110011101000
0100000000101000000111001010000011000001000101001111001011101000
1100001000000100111000101100010011000001101001111110000100100100
1100000100110000000000011000100011000001011011110111111101111000
0100000001011101011000000100000011000010000010001010000001010100
0100000010000111100110101110000011000010000010011101000011110110
0100000111000001000001010011100001000001111010000100111111010000
0011111111111111110011000000000001000001100111000110001110100100
0100000100001010100101011100000001000001101011010100100100100100
1100000011101001100111001111000000111111111010101110101100000000
1100000011011111001101001001000011000010000011111000000111110100
0100000101111110110001001010100011000001110000010001101101101000
0011111101111111100110000000000011000001000000101010111000100000
0100000110001010001011001001100001000010000010100011011100000010
0100000010110101001100011100000011000001100001101011100110000000
0011111110111000101011000000000001000001000010010001101010000000
1100000100011011000001111101000011000001101011100110110000011100
0100000110110000101110000011010011000000111101101100011010010000
1011111110011101110111010000000001000001100111000110110001101000
1100000011110011011010111001000001000001010100101111011011000000
