00000000000000000000000000000000
00111111000010011000100110000000
11000000111100110110101110001000
01000001001010101000111100001100
00111111100111011101110000100000
11000001100011111111010011001110
01000001101100001011100000111000
11000001011010110001000000011000
01000001000110110000011111000000
11000001000001110101011101001000
00111111101110001010110001100000
01000001000001000101010100010000
11000000101101010011000111100000
11000001000101011001001100110100
01000001100010100010110010011100
11000001000010011011001010010000
10111111011111111001100100000000
11000000100001010001101100000000
01000001011111101100010010101100
11000001100010000111111001010100
01000000110111110011010001110000
01000000001000111101101000000000
11000000111010011001110011101000
01000001001000011101100000000100
11000001000010101001010111001000
00111111100001011101110011100000
00111111111111111100110001000000
01000001000111010111000000110100
11000001110000010000010100111100
01000001100100100000110100010000
01000000100001111001101011110000
11000001010101101011011010000000
11000000010111010110000001100000
01000001101001101001010100001110
11000001001100000000000110001000
11000001100010010101010100010010
01000010000001001110001011000001
11000001110000110111111001101100
01000000001010000001110011000000
01000001100000110010000001000100
11000001101100011011100110101100
01000001000111110010010110000100
01000001001001011010110011110000
11000001011101101010111111001100
10111110001000001101101000000000
01000000111111111111110000110000
01000001011000101010111001111000
11000010001001011010001011000001
01000010000001100111100000100001
01000000000001001010011100010000
11000001101011010111100011001110
01000001010100101010000111011100
11000001000000010100100100111100
01000001101000000101001101101000
11000001101101110111000000001010
01000000110111000011000101011000
11000000010110100000010010100000
01000001110011100000101010010010
11000010000010000100101101101111
00111111101000101110100101100000
01000001111100000111001011011010
11000001000100100011010101101100
11000010000101100110001011000001
01000010001010101101011101100000
00111110110100001100100010000000
11000010000010000010101101001010
01000001110101100011110010111100
11000000110101110010000110100000
00111111101001101111000000100000
10111111101000110010101101100000
11000000010010111001101010010000
00111111010001101000111000000000
01000001000111010111101010110100
11000001001010000010010000000100
00111111001011111011010111000000
11000000010000010000000010100000
01000001100001010000111000100110
11000001000010101001101111001100
11000001110111001100110100110100
01000010010001111000100111110001
11000001111001101110101101110000
11000000111011011001111011010000
01000001101010110100111010111110
11000001100111010100000011011010
01000001101110010110010011101100
11000001101001011110100010010100
11000000011101100101111000010000
01000001110100111101001010101100
11000001011011000110100111100000
11000001010001110101000000111100
01000001000011100000000011001000
01000001110001100100110111110110
11000010001000000011101110110000
01000001011111000111101101000100
01000001010110001010111110010000
11000001011010101101010011000100
10111111000011100110011110000000
01000000101100110111000001010000
00111110111000110001100100000000
11000000100001111010100100110000
01000000100100110000111000101000
11000000101011011001101111001000
00111110111001011111100110000000
01000001010111011100011100101100
11000001101110100110001101010100
01000001011000000111101011001000
01000000010111000111101110000000
11000000111100000100101100110000
11000000010100110000111101110000
01000001001011010001100011110100
11000000110010010111100100010000
10111110100111110000001110000000
00111111111010011101000010100000
11000000101010111010101011000000
01000001011000101100011000000100
11000001011101010001001100010100
00111110110111010000000100000000
01000001010111110011010110000000
11000000111010110011000110010000
11000001001000110000010010010100
01000001000111110000101001110000
01000001000001101101101011011100
11000001001101110111011011101000
11000001011000110010010110100100
01000010000000111010100011011011
11000001001011101100001100000000
11000001110110111111010111100110
01000001111110101000000101001110
01000000000101100010101101100000
11000001110100101110010010101010
01000001011101011011100000000000
01000000100001100110010000111000
11000000101100011110110011000000
00111111001000011110101010000000
11000000101101110010101101100000
01000000110001110100011000110000
01000001010000111101010100110100
11000001110100011011001001011100
01000000110111110000011011101000
01000001110101100111100110110000
11000001111100110011111001011010
00111111000100001101111010000000
01000001100101100010010110001110
10111111111101011011110100000000
11000001110000010011110000111000
01000001110000011111011101101010
11000000100001110111000010001000
11000000100010011111011110011000
11000001000110010110101100010100
01000001110101111010010110100010
11000001110111101110111000110100
01000001010001110011111010111100
01000000101010001010010110101000
11000001010010011000000010100100
01000000110011001011101011000000
01000000110001011011011010111000
11000001010110011111100101101100
01000001001000100011101010110000
10111111000011001101100001000000
11000000110000111111101111101000
01000000110111000111010000101000
11000000110111100010010010110000
01000001010000110010010010010000
11000001101001100111110001111110
01000001101110000110000100110000
11000001001100111010100010000100
11000001000110011100100100100000
01000001101111111001000011100100
11000001101010111011001100000010
01000001000010011111001100000000
10111111100001110010100110100000
01000000101110000011111101000000
11000001011011101110100101100000
01000001100010010001011101010110
11000001000110100000110111110100
11000000000000000100010111000000
01000001001111000100110101011100
11000001100000101000111111000000
01000001010010110010000100111000
00111101100000100101110000000000
11000001011100010011001100110100
01000001100111010100100001001100
11000001000100010001110001110100
11000000101001111111111111111000
01000001000000111100010010111100
10111110110111010110110000000000
11000000011100010001100001010000
11000000001100000100110001110000
01000001001001110010111100011100
11000001000000111000000010110000
10111111101110010111100001000000
01000001000000100111010010111000
11000000110110101110101000111000
10111110100000110111101110000000
01000000111111100101011101100000
11000001000101001110100011001100
00111110111101101100110000000000
01000001001010101101101000010000
11000001001001000101111000110100
10111111110011010101001011000000
01000000111111001001101101011000
00111111001000110111000000000000
11000001001010011110011000110000
01000000110101110000110101111000
01000000101111100111100011100000
11000001010100000110111011111000
01000001001101111001000111010000
11000000100101111101010011111000
11000001000010001101001110001000
01000001110000011011001010111110
11000001110100001100001100100110
01000001001100100001100001001100
11000000100011010111101011011000
01000001101101110101110001111110
11000010001000000010011001010001
01000001101001111100110011100100
01000001100100000111011101011010
11000001110111011000110011001110
10111110011111011111111100000000
01000001101010011101111100000100
11000000111110111000000001110000
11000001010110011011100110110000
01000001010011111011011001110100
10111111010100011001010000000000
10111111101001110011000010000000
10111111001010001111111010000000
11000000101011010010111110111000
01000000111000111110100111100000
01000001000010010001001001011000
11000001101111010001000010111010
01000001011111111111110001011100
10111111000001010000011000000000
01000000110011111100010000110000
11000001110101001011110001011100
01000001110101110100010101000000
11000000010000110100100100110000
11000001010010110010101010110000
01000000011011011101000101110000
01000001000000000010111001110100
11000000001011100001011000110000
11000000101011001101110010111000
11000000011000000101010100110000
01000001100110101001010011011110
11000001100101111111111101011010
01000000100100100010110010000000
00111111111100001010011110000000
01000000100010101011100011001000
11000000011100110110001011110000
11000001010001011000000100110100
01000001110000101101101010000010
11000001010111110000110011111100
11000000100011011011101111011000
01000000010011001110010001000000
01000001011100000001110010101000
11000001100101110011100010010110
11000000100000101110101111000000
01000001110110001110101011110010
11000001101110011011110110111110
01000000011110010011111100000000
01000000000001010010111000000000
01000000111100101101011010101000
11000001010000010100000101101100
01000000101111011110110001000000
11000000101011101000001111100000
01000001100001000010100100011000
11000001101110000111010010000010
01000001011010000000000110110100
11000000010011001001111110100000
01000000100111110001100001000000
11000001100100100101001101110000
01000001111101000000101010001000
11000001111111111111111110011100
01000001101000001010010101111110
11000000000000101000100101110000
11000000100101001110000100101000
11000001000010101011111011111100
01000001101110010101101000110010
11000001010101101110110110101100
11000001010001000111010101011100
01000001100101100100000010001010
01000000011000100010101101010000
11000001101100010001100001101100
01000001001101110111001101110000
01000001000101110110010111110000
11000001000011111101101001110000
11000001001010000000111100110000
01000001101100110000100000111100
11000001011111101111011110011100
01000000000000100101101100110000
01000001001010000110010100011000
11000001101001001011010001010110
01000001101110000110101111101010
11000001010100001010111110101100
10111111100111010000110010000000
01000000110100100000000010110000
11000000010001010001110111100000
00111111001011010001011100000000
10111111101110101100100001100000
10111111001011001011010000000000
01000000110010111101011000111000
11000001000100011111001010100000
01000000100110110011001110010000
01000000101110110011000001111000
11000001101000011010000000001010
01000001111011101001010000110010
11000001101100111110100110100000
10111111111111110111101010000000
01000001110001001010110010000000
11000001110101011000000101001110
01000001001110100000111110000000
01000000001110011111101100000000
11000000110110101010001001000000
01000000000101001010110011110000
01000000101101101110010011101000
11000001010001101000011010111000
01000001010000110110111111010000
11000000101111011110001101011000
01000000001110110000011011100000
11000000111111011000001110011000
01000001010100100100100011010000
11000001001110110011111110100100
01000001000011111011010010001000
11000001001001011010010000110100
01000001000011100010000000010000
00111111110000001011110111100000
11000001001101000110111100000000
01000001000101110001010101101000
11000000010110000111101010100000
01000000110111001000001010110000
11000001011110101001100100101000
01000001011001011001110000010100
11000000011111001101011000000000
00111111100011111101111101000000
11000001000111010010010100000000
01000001010111101010001011100100
11000000010011011100001111100000
11000001001010000000001111001100
01000001001111000100010001111000
11000000001000010101001101110000
11000000100110000111101111110000
01000000101110010101100001100000
11000000101111111011000011111000
01000001000010000011101011001100
11000001001010001010011001001000
01000001001010010111001110101100
11000001001110000101100000011100
01000001010111110110110001011100
11000001010010011110011100100000
01000000100000111101100101011000
01000000100101000111110101111000
11000000011000111101110010000000
11000000101010001100111010100000
01000001000010100011101101101100
11000000000010101101001101010000
11000000000000011000010100010000
11000000011100100101110010100000
01000000110111011110110101000000
01000000101011010011000010101000
11000001101000110101010101110110
01000001011111101011000110010100
01000000001000110010110100100000
11000000111010100001101000100000
11000000111100010011010000010000
01000001100000010101011100111010
11000000010111010100100100100000
11000001001010011010110110110100
01000000101010100011011101110000
01000000110101011100011110001000
11000000000111110100111001000000
11000001010001110111001001000100
01000001011100010111111110001100
11000000001100000111110010000000
11000000101100110010100001111000
00111111110101100011101011100000
01000000010001110101011110000000
10111111100001100101101101000000
10111110111101001110111110000000
11000000100101011110110101111000
01000001001000100110110011001000
11000001000010011111111101101100
01000000011110110010100101000000
11000000100110101110010101111000
01000001010010011100010000000100
11000001100101101000000101000000
01000001011001010000011101000100
10111101110001100000000000000000
11000001001101010110010111011100
01000001000101101110111110110100
00111110111010010001010000000000
11000000100101011100100110010000
01000000000100011101101000010000
11000000101001001001000001101000
01000001011011000000011001001100
11000001100000010101001101000100
01000000011011011001010101110000
01000000101100101100001001001000
00111111101011010000011001000000
11000001001000111110000011000000
01000000000011011011000110000000
01000001010101000100001100010000
11000001010001010111101101110000
11000000011101111101001010010000
01000001001001010000100010111000
00111111111100100010000110000000
11000001001111010101011100001000
01000000000110011110101001000000
01000001010110000001011000000000
11000001010011001110000100010000
11000000101011011001000110101000
01000001101001110110111010111010
11000001100110110001100010010100
01000000111001000111110110100000
00111110111001011000100110000000
00111111111100010101001001000000
11000000101000100111100101101000
10111110110010001111100100000000
01000001001000100001111000111100
11000001001011000011010111001100
10111111010011100100101000000000
01000001001101110110011110101000
11000001000111001000100110100100
00111111101110011111101011100000
00111111011011100101000001000000
01000000011110000110110100000000
11000000111111010110110101100000
01000001000011001100001011100100
11000001001001001001101101000100
01000001001011010000011000111000
11000000100000010001111010011000
11000001000001011001000100100100
01000001011101010101000001011000
11000001001011110000100000011000
00111111110000011001111001100000
01000000100000010111001110110000
11000000100011110000010000011000
01000000011111001110100100000000
11000000101101010011111111000000
01000001001000111000100011000100
11000001011111101101001111110100
01000001100100001011101101011100
11000001010000100101110100111000
00111110000101011011100100000000
01000001000011010101100001100000
11000000111101000111010000011000
10111111011010011011100010000000
01000000111000100011000011111000
11000000100110111001011000000000
10111111111101010011011111100000
01000000101010001010000110100000
11000000010001011100000111010000
00111111010101111110010100000000
11000000001110001011010110110000
01000000110001111011110010110000
11000000101110010011110110110000
00111111110111000001110001100000
01000000000100110101101001110000
11000000100101100110001100111000
01000000100111110010001110110000
10111111111001110100100010100000
10111111111000001100101111100000
11000000001010000000111001000000
01000001011101000111101011111100
11000001101001110101001111110010
01000000111110000100000010011000
01000001001010011000000001011000
11000001000111010010110100000100
11000001000110010110111000001100
01000001101010011011010100001000
11000001001010111101111010001000
11000000101000110011110001101000
01000000110100110000101100001000
00111111100100001100100001000000
11000000000011100011011010010000
11000000010110011111011101110000
01000000101000011111101001000000
11000000000111011010110101110000
01000000011011110110100100100000
11000000111110010001010111100000
01000000101110100111110111001000
00111111100001110100100100100000
10111111110100110010011000000000
11000000110101010110111010100000
01000001010000000110111111010000
11000000101011010000101101101000
11000000101101100101010001110000
01000000111011010010011100100000
00111111111001011110011111100000
11000001000101001000100010111000
01000000101001111001000100000000
01000000011100000010110101010000
11000000010101010100101011010000
11000000111010110100010110011000
01000001001111011110000001000000
00111110101100111100110000000000
11000001011110111100100100001100
01000001010110101100100010001000
01000000010100001001101111110000
11000001010001000101101000000000
01000000010101001010011100110000
01000001000010011000000111000000
11000001000011011011111000010000
01000000011000110001010011000000
11000000100101101001001111101000
01000001000111011101010001011100
11000001000100111101011111100000
01000000010100010101100101000000
00111110110000111100010010000000
10111111100000100001111000100000
01000000011111110110010011110000
11000001000101100010100011010000
01000001001110000001001100101100
11000000111100101000111101110000
00000000000000000000000000000000
01000000111100101000111101101000
11000001001110000001001100110000
01000001000101100010100011001100
11000000011111110110010100000000
00111111100000100001111000100000
10111110110000111100010110000000
11000000010100010101100101010000
01000001000100111101011111011100
11000001000111011101010001100000
01000000100101101001001111101000
11000000011000110001010011100000
01000001000011011011111000001000
11000001000010011000000111001000
11000000010101001010011101000000
01000001010001000101100111111100
11000000010100001001110000000000
11000001010110101100100010010000
01000001011110111100100100001000
10111110101100111100110010000000
11000001001111011110000001001000
01000000111010110100010110010000
01000000010101010100101011000000
11000000011100000010110101100000
11000000101001111001000100001000
01000001000101001000100010110100
10111111111001011110100000000000
11000000111011010010011100110000
01000000101101100101010001101000
01000000101011010000101101100000
11000001010000000110111111010100
01000000110101010110111010011000
00111111110100110010010111100000
10111111100001110100100101100000
11000000101110100111110111010000
01000000111110010001010111011000
11000000011011110110100101000000
01000000000111011010110101110000
11000000101000011111101001001000
01000000010110011111011101010000
01000000000011100011011010000000
10111111100100001100100001100000
11000000110100110000101100010000
01000000101000110011110001100000
01000001001010111101111010000100
11000001101010011011010100001010
01000001000110010110111000001000
01000001000111010010110100000000
11000001001010011000000001011100
11000000111110000100000010011000
01000001101001110101001111110000
11000001011101000111101100000100
01000000001010000000111000100000
00111111111000001100101111000000
00111111111001110100100010000000
11000000100111110010001110111000
01000000100101100110001100101000
11000000000100110101101001110000
10111111110111000001110001100000
01000000101110010011110110101000
11000000110001111011110010111000
01000000001110001011010110110000
10111111010101111110010101000000
01000000010001011100000110110000
11000000101010001010000110101000
00111111111101010011011111000000
01000000100110111001010111110000
11000000111000100011000100000000
00111111011010011011100001000000
01000000111101000111010000001000
11000001000011010101100001100100
10111110000101011011100100000000
01000001010000100101110100110100
11000001100100001011101101011110
01000001011111101101001111110000
11000001001000111000100011001000
01000000101101010011111111000000
11000000011111001110100100010000
01000000100011110000010000010000
11000000100000010111001110111000
10111111110000011001111010000000
01000001001011110000100000010100
11000001011101010101000001100000
01000001000001011001000100100000
01000000100000010001111010001000
11000001001011010000011000111100
01000001001001001001101101000000
11000001000011001100001011101000
01000000111111010110110101011000
11000000011110000110110100010000
10111111011011100101000010000000
10111111101110011111101100000000
01000001000111001000100110100000
11000001001101110110011110101100
00111111010011100100100111000000
01000001001011000011010111001000
11000001001000100001111001000000
00111110110010001111100000000000
01000000101000100111100101100000
10111111111100010101001001100000
10111110111001011000101010000000
11000000111001000111110110101000
01000001100110110001100010010000
11000001101001110110111010111100
01000000101011011001000110100000
01000001010011001110000100001100
11000001010110000001011000001000
11000000000110011110101001100000
01000001001111010101011100000100
10111111111100100010000110100000
11000001001001010000100011000000
01000000011101111101001010000000
01000001010001010111101101101100
11000001010101000100001100011000
11000000000011011011000110010000
01000001001000111110000010111100
10111111101011010000011001100000
11000000101100101100001001010000
11000000011011011001010110000000
01000001100000010101001101000010
11000001011011000000011001010000
01000000101001001001000001100000
11000000000100011101101000110000
01000000100101011100100110001000
10111110111010010001010100000000
11000001000101101110111110111000
01000001001101010110010111011000
00111101110001011111111000000000
11000001011001010000011101001000
01000001100101101000000100111110
11000001010010011100010000001000
01000000100110101110010101101000
11000000011110110010100101010000
01000001000010011111111101101000
11000001001000100110110011010000
01000000100101011110110101110000
00111110111101001110111100000000
00111111100001100101101100100000
11000000010001110101011110100000
10111111110101100011101100100000
01000000101100110010100001110000
01000000001100000111110001110000
11000001011100010111111110010000
01000001010001110111001001000000
01000000000111110100111000100000
11000000110101011100011110010000
11000000101010100011011110000000
01000001001010011010110110101100
01000000010111010100100100010000
11000001100000010101011100111100
01000000111100010011010000001000
01000000111010100001101000011000
11000000001000110010110100110000
11000001011111101011000110011100
01000001101000110101010101110010
11000000101011010011000010110000
11000000110111011110110101001000
01000000011100100101110010000000
01000000000000011000010100000000
01000000000010101101001101000000
11000001000010100011101101110100
01000000101010001100111010011000
01000000011000111101110001110000
11000000100101000111110110000000
11000000100000111101100101100000
01000001010010011110011100011100
11000001010111110110110001100000
01000001001110000101100000011000
11000001001010010111001110110000
01000001001010001010011001000100
11000001000010000011101011010000
01000000101111111011000011110000
11000000101110010101100001101000
01000000100110000111101111101000
01000000001000010101001101100000
11000001001111000100010001111100
01000001001010000000001111001000
01000000010011011100001111000000
11000001010111101010001011101000
01000001000111010010010011111100
10111111100011111101111110000000
01000000011111001101010111110000
11000001011001011001110000011000
01000001011110101001100100100000
11000000110111001000001011000000
01000000010110000111101010010000
11000001000101110001010101101100
01000001001101000110111011111100
10111111110000001011111000000000
11000001000011100010000000010100
01000001001001011010010000101100
11000001000011111011010010001100
01000001001110110011111110100000
11000001010100100100100011010000
01000000111111011000001110010000
11000000001110110000011011110000
01000000101111011110001101010000
11000001010000110110111111010100
01000001010001101000011010110100
11000000101101101110010011110000
11000000000101001010110100000000
01000000110110101010001000111000
11000000001110011111101100100000
11000001001110100000111110000100
01000001110101011000000101001010
11000001110001001010110010000100
00111111111111110111101001100000
01000001101100111110100110011110
11000001111011101001010000110100
01000001101000011010000000001000
11000000101110110011000010000000
11000000100110110011001110011000
01000001000100011111001010011100
11000000110010111101011001000000
00111111001011001011001111000000
00111111101110101100100001000000
10111111001011010001011101000000
01000000010001010001110111000000
11000000110100100000000010111000
00111111100111010000110001100000
01000001010100001010111110101000
11000001101110000110101111101100
01000001101001001011010001010100
11000001001010000110010100100000
11000000000000100101101101000000
01000001011111101111011110010100
11000001101100110000100000111110
01000001001010000000111100101100
01000001000011111101101001101100
11000001000101110110010111110100
11000001001101110111001101111000
01000001101100010001100001101000
11000000011000100010101101100000
11000001100101100100000010001100
01000001010001000111010101011000
01000001010101101110110110101000
11000001101110010101101000110100
01000001000010101011111011111000
01000000100101001110000100011000
01000000000000101000100101100000
11000001101000001010010110000000
01000001111111111111111110011010
11000001111101000000101010001100
01000001100100100101001101101110
11000000100111110001100001001000
01000000010011001001111110010000
11000001011010000000000110111000
01000001101110000111010001111110
11000001100001000010100100011010
01000000101011101000001111011000
11000000101111011110110001010000
01000001010000010100000101101000
11000000111100101101011010110000
11000000000001010010111000100000
11000000011110010011111100010000
01000001101110011011110110111100
11000001110110001110101011110010
01000000100000101110101111000000
01000001100101110011100010010100
11000001011100000001110010101100
11000000010011001110010001010000
01000000100011011011101111010000
01000001010111110000110011111000
11000001110000101101101010000100
01000001010001011000000100110100
01000000011100110110001011100000
11000000100010101011100011010000
10111111111100001010011110100000
11000000100100100010110010001000
01000001100101111111111101010110
11000001100110101001010011100000
01000000011000000101010100100000
01000000101011001101110010111000
01000000001011100001011000100000
11000001000000000010111001110100
11000000011011011101000110000000
01000001010010110010101010101100
01000000010000110100100100100000
11000001110101110100010101000010
01000001110101001011110001011010
11000000110011111100010000111000
00111111000001010000010111000000
11000001011111111111110001100000
01000001101111010001000010111000
11000001000010010001001001100000
11000000111000111110100111101000
01000000101011010010111110101000
00111111001010001111111001000000
00111111101001110011000001100000
00111111010100011001001111000000
11000001010011111011011001111000
01000001010110011011100110101000
01000000111110111000000001101000
11000001101010011101111100000110
00111110011111011111111000000000
01000001110111011000110011001100
11000001100100000111011101011100
11000001101001111100110011100110
01000010001000000010011001010000
11000001101101110101110010000010
01000000100011010111101011010000
11000001001100100001100001010000
01000001110100001100001100100010
11000001110000011011001011000000
01000001000010001101001110000100
01000000100101111101010011101000
11000001001101111001000111010100
01000001010100000110111011110100
11000000101111100111100011101000
11000000110101110000110110000000
01000001001010011110011000101100
10111111001000110111000010000000
11000000111111001001101101100000
00111111110011010101001010100000
01000001001001000101111000110000
11000001001010101101101000010100
10111110111101101100110010000000
01000001000101001110100011001000
11000000111111100101011101101000
00111110100000110111101100000000
01000000110110101110101000110000
11000001000000100111010010111100
00111111101110010111100000100000
01000001000000111000000010101000
11000001001001110010111100100000
01000000001100000100110001110000
01000000011100010001100001000000
00111110110111010110101110000000
11000001000000111100010011000000
01000000101001111111111111110000
01000001000100010001110001110000
11000001100111010100100001001100
01000001011100010011001100110100
10111101100000100101111000000000
11000001010010110010000100111000
01000001100000101000111110111110
11000001001111000100110101100100
01000000000000000100010110110000
01000001000110100000110111110000
11000001100010010001011101011000
01000001011011101110100101011100
11000000101110000011111101001000
00111111100001110010100110000000
11000001000010011111001100001000
01000001101010111011001100000000
11000001101111111001000011100110
01000001000110011100100100100000
01000001001100111010100010000000
11000001101110000110000100110010
01000001101001100111110001111100
11000001010000110010010010010100
01000000110111100010010010101000
11000000110111000111010000110000
01000000110000111111101111011000
00111111000011001101100000000000
11000001001000100011101010110100
01000001010110011111100101100100
11000000110001011011011010111000
11000000110011001011101011001000
01000001010010011000000010100100
11000000101010001010010110110000
11000001010001110011111011000100
01000001110111101110111000110000
11000001110101111010010110100110
01000001000110010110101100010000
01000000100010011111011110001000
01000000100001110111000010001000
11000001110000011111011101101110
01000001110000010011110000110110
00111111111101011011110011000000
11000001100101100010010110010010
10111111000100001101111011000000
01000001111100110011111001011000
11000001110101100111100110110010
11000000110111110000011011110000
01000001110100011011001001011010
11000001010000111101010100111100
11000000110001110100011000111000
01000000101101110010101101010000
10111111001000011110101011000000
01000000101100011110110010110000
11000000100001100110010001001000
11000001011101011011100000001000
01000001110100101110010010100110
11000000000101100010101101110000
11000001111110101000000101010000
01000001110110111111010111100100
01000001001011101100001100000000
11000010000000111010100011011011
01000001011000110010010110100000
01000001001101110111011011100000
11000001000001101101101011100000
11000001000111110000101001110100
01000001001000110000010010010000
01000000111010110011000110001000
11000001010111110011010110000100
10111110110111010000001000000000
01000001011101010001001100010000
11000001011000101100011000001000
01000000101010111010101010110000
10111111111010011101000011000000
00111110100111110000001100000000
01000000110010010111100100001000
11000001001011010001100011111000
01000000010100110000111101110000
01000000111100000100101100110000
11000000010111000111101110010000
11000001011000000111101011001100
01000001101110100110001101010010
11000001010111011100011100110100
10111110111001011111101000000000
01000000101011011001101110111000
11000000100100110000111000110000
01000000100001111010100100101000
10111110111000110001100110000000
11000000101100110111000001011000
00111111000011100110011101000000
01000001011010101101010011000000
11000001010110001010111110011000
11000001011111000111101101001000
01000010001000000011101110101111
11000001110001100100110111111010
11000001000011100000000011010000
01000001010001110101000000110100
01000001011011000110100111011000
11000001110100111101001010101110
01000000011101100101111000000000
01000001101001011110100010010000
11000001101110010110010011110000
01000001100111010100000011010110
11000001101010110100111011000010
01000000111011011001111011000000
01000001111001101110101101101110
11000010010001111000100111110011
01000001110111001100110100110000
01000001000010101001101111000100
11000001100001010000111000101000
01000000010000010000000010000000
10111111001011111011011001000000
01000001001010000010001111111100
11000001000111010111101010111000
10111111010001101000111010000000
01000000010010111001101010000000
00111111101000110010101100100000
10111111101001101111000001100000
01000000110101110010000110010000
11000001110101100011110010111110
01000010000010000010101101001000
10111110110100001100100110000000
11000010001010101101011101100000
01000010000101100110001010111111
01000001000100100011010101101000
11000001111100000111001011011100
10111111101000101110100110000000
01000010000010000100101101101110
11000001110011100000101010010110
01000000010110100000010010010000
11000000110111000011000101100000
01000001101101110111000000001000
11000001101000000101001101101100
01000001000000010100100100110100
11000001010100101010000111011100
01000001101011010111100011001010
11000000000001001010011100100000
11000010000001100111100000100010
01000010001001011010001010111110
11000001011000101010111001111100
11000000111111111111110000111000
00111110001000001101100000000000
01000001011101101010111111000100
11000001001001011010110011110100
11000001000111110010010110001100
01000001101100011011100110101000
11000001100000110010000001000110
11000000001010000001110011100000
01000001110000110111111001101000
11000010000001001110001011000011
01000001100010010101010100001110
01000001001100000000000101111100
11000001101001101001010100010100
01000000010111010110000001000000
01000001010101101011011001110100
11000000100001111001101100000000
11000001100100100000110100010100
01000001110000010000010100111000
11000001000111010111000000111000
10111111111111111100110001100000
10111111100001011101110101000000
01000001000010101001010111000000
11000001001000011101100000010000
01000000111010011001110011010000
11000000001000111101101000110000
11000000110111110011010010001000
01000001100010000111111001001010
11000001011111101100010010111000
01000000100001010001101011100000
00111111011111111001100001000000
01000001000010011011001010001000
11000001100010100010110010100000
01000001000101011001001100101000
01000000101101010011000111001000
11000001000001000101010100011100
10111111101110001010110010100000
01000001000001110101011100111100
11000001000110110000011111010000
01000001011010110001000000001000
11000001101100001011100001000010
01000001100011111111010011000100
10111111100111011101110011000000
11000001001010101000111100100000
01000000111100110110101101010000
10111111000010011000110000000000
