01000100000000000000000000001011
01000001010100101111011010111000
01000001100111000110110001100100
11000000111101101100011010100000
11000001101011100110110000011100
01000001000010010001101001111000
11000001100001101011100110000100
01000010000010100011011100000000
11000001000000101010111000100000
11000001110000010001101101101100
11000010000011111000000111110110
00111111111010101110101100000000
01000001101011010100100100100100
01000001100111000110001110100000
01000001111010000100111111010000
11000010000010011101000011110110
11000010000010001010000001010100
11000001011011110111111110000000
11000001101001111110000100101000
11000001000101001111001011110000
01000001101000111000110011100100
11000001100010110011111000110000
11000001111111000010101011001000
11000001001100110010100111011000
01000001011000101100001100011000
01000001111111011000010011110100
11000001010100100010000010101000
11000000101110000011100010110000
11000001110001110001011110110000
11000000100000010010101111100000
01000001011111100101010110110000
01000001100111110111000001010000
01000000111011101011001111010000
11000000101100011001111100100000
01000001001000101010011111111000
11000001011011000010100010111000
11000001111011001000011011010100
01000000101101000000010100110000
01000001110000001111001010011000
11000001010010101110111110001000
01000001011001100000011000000000
01000001000111101110011000101000
01000000010111100011010100000000
11000000101010010000010100110000
01000001100111100000110110001000
01000001100111110010010011111000
01000000111001011010111100100000
01000001100101101110001010011100
11000000101010011110001011110000
01000000001101010111111010000000
11000000110100000011111100100000
11000001001110010110001101110000
01000001001010101010000110011000
01000000101001101101110100110000
11000000101011000100111111000000
11000010010001111001111100111000
11000001101010110100011100010000
11000001000010110100110100010000
11000001011100111011001011010000
11000001111011000110110110111100
11000001001000010111001111110000
11000001010101111000101100011000
11000001001011001110011110101000
11000000111101011100001010010000
01000001000110001111010000001000
01000001111011011001011010111100
11000001000010010101101011111000
01000001010011100010000100110000
11000000000000011100001100100000
01000000100100001110110111010000
01000001011110011111100011011000
01000001111101000010100101110100
11000001000000011000010000101000
11000001001101100110100011100000
11000000101001010010000110100000
11000000100101110010111011110000
01000001100111000111010100111100
01000001100111110000011110011000
01000001111011111100111111110100
11000000100111000000011111000000
01000001000001110010000010101000
01000001100101111100110111100100
01000001001101001011001110000000
01000001000110101110110001001000
11000001101001001110010110011100
01000000110100001111111001110000
01000000101000111001010011010000
00111111100001110001100000000000
01000000111000101111010100000000
01000010001111010001111100100110
11000000110001110111011000100000
01000001100000010011011110001000
11000000101100100110111000000000
11000001000110011111101010011000
01000001101111000100111001111100
01000000010110111100111011100000
10111111101010101101001111000000
01000001001101100111000100010000
11000001000101010010100111001000
11000000101001111001000100110000
11000000100010011000111100100000
01000001011010101100011010100000
01000000111100100000101010110000
11000001000010000101111011000000
11000001000010111111001111100000
01000000101110000011111100010000
01000001010111110010111100111000
11000001001111011100110011010000
11000000000101001101101110000000
01000001001011001100101111000000
11000000001010010101100110000000
01000000001100111011010000100000
10111111000111011010010000000000
01000001010001110011101101110000
10111110110100010000111100000000
11000000100010000000011001100000
00111111011011001011010100000000
11000001100100001101100000001100
01000000111000001011010111110000
11000001011011001000100011101000
01000001001110111011001010101000
11000000111101101101110010010000
11000000000110011011101101100000
11000001001000111101111011100000
11000001010001001110000101001000
11000000000010100001110100100000
11000001110100101000000001110000
11000001000110110111110101111000
11000000000000111010010110100000
11000001110000000101111110001100
01000001001001110100001100001000
01000000000010000111000001100000
01000010000000100000001100100110
11000001000100010000000001010000
01000001001101010001101000110000
01000001100111010110010010011000
11000001110100001000111011000000
01000000011101011110111100000000
11000001101000111010000101110100
11000001001110001001010100000000
11000001001010000100100011111000
11000001000100010101100110100000
01000000010010100100010000000000
11000001001101011011010100011000
11000000000011110100110011000000
01000000111100000010010010010000
01000001100010010110001001110100
01000000000111100010100000000000
01000000100110010001011111010000
01000000110010010001101011100000
11000000000010111000100011000000
11000000000110100011000001100000
11000001011111100101001000101000
11000001100011011101001111101000
01000001100001001101001001110000
11000000100111001101110110000000
01000001100011000000000101110100
11000000110011100110010111010000
11000000001111110001110101000000
01000000101000010110111100100000
01000001000111001000000101010000
11000000110101001101111110100000
01000001101010110110011001000000
11000001000110011001110001110000
11000000100110111010101010110000
01000000101010110010001100010000
00111111001101001001110010000000
11000001000001001110010101001000
11000001000000011110011010010000
01000001100011110101011001111000
11000000111000010100010001100000
11000000101111011111110010100000
01000001100101111110110111010000
01000000001011100001100000100000
01000001100101010101010101101100
01000000101001111000011000010000
11000000100101000010111000000000
01000001011101010011000100100000
00111111100010010000110111000000
10111110000100110101000000000000
01000000110100110101110011100000
01000001001010001100111111101000
01000000011110010110100010100000
11000001001011100011001010010000
01000000100011001011010101110000
11000000110101110001011011000000
01000001000101111100100001100000
11000000101110101000001001110000
11000000100010101110111101000000
11000000110011100011111100000000
11000000100110011111000101110000
00111110111001000111001100000000
01000001000011000100001001110000
01000000100011010001101000000000
01000001001000011101010101110000
11000000010000111101000000100000
11000001001001011101011110000000
01000001000110100111100111111000
01000001010111101101000111001000
10111111100100000001101010000000
01000000100100100010001101110000
11000000101000100000011010010000
01000001001010110010110101000000
00111111111001110011111110000000
11000000100000011111101000100000
11000000110011111111110011110000
11000000101101000101011111100000
01000001100111011100110000011100
10111110101111100010001000000000
11000000001101011100110001100000
11000001100001011101001001001000
11000000011111100010010010100000
01000000111101101100011000100000
01000000110110010111001111010000
11000001000101011101010010001000
11000001001111101001110110110000
11000001010100011101010110001000
11000000100000100100110100000000
11000000010101011111001111100000
00111110100101011111100100000000
00111101110101001011100000000000
10111111101101110100010010000000
01000000111110010100010001000000
01000000010001110110111100100000
01000000000000101110011100100000
10111111011001100101010000000000
01000000010010101001110001100000
01000001000000101111111100010000
01000000101100010010000100010000
10111111100101110100101100000000
01000000010011000101010100000000
11000001000111111000111000101000
11000000100101100011101101010000
01000000010011100110111000000000
01000001100000101001000011000100
01000000100101111100010010000000
01000001000000000010111010110000
00111111101110001000001000000000
01000001000000011001010110000000
01000000110001011011110001000000
01000000100011110000001101110000
00111111100111110101110101000000
11000000110110001001001101010000
11000000010010000001100011000000
01000001110111100001011101111000
11000000010110100001011011000000
01000001000000100111101010101000
01000001011101011111010100010000
11000000111110110010001101010000
00111101010101111100100000000000
11000000100110111001001110100000
01000001011000011000011110010000
01000000100111101110101001000000
01000000101100110010010100000000
01000000000100100001101011000000
11000001000110100101100110011000
11000001101001111000110011100000
11000001000110100101100110011000
01000000000100100001101011000000
01000000101100110010010100000000
01000000100111101110101001000000
01000001011000011000011110010000
11000000100110111001001110100000
00111101010101111100100000000000
11000000111110110010001101010000
01000001011101011111010100010000
01000001000000100111101010101000
11000000010110100001011011000000
01000001110111100001011101111000
11000000010010000001100011000000
11000000110110001001001101010000
00111111100111110101110101000000
01000000100011110000001101110000
01000000110001011011110001000000
01000001000000011001010110000000
00111111101110001000001000000000
01000001000000000010111010110000
01000000100101111100010010000000
01000001100000101001000011000100
01000000010011100110111000000000
11000000100101100011101101010000
11000001000111111000111000100000
01000000010011000101010100000000
10111111100101110100101100000000
01000000101100010010000100010000
01000001000000101111111100010000
01000000010010101001110001100000
10111111011001100101010000000000
01000000000000101110011100100000
01000000010001110110111100100000
01000000111110010100010001000000
10111111101101110100010010000000
00111101110101001011110000000000
00111110100101011111100100000000
11000000010101011111001111000000
11000000100000100100110100000000
11000001010100011101010110001000
11000001001111101001110110110000
11000001000101011101010010001000
01000000110110010111001111010000
01000000111101101100011000100000
11000000011111100010010010100000
11000001100001011101001001001000
11000000001101011100110001100000
10111110101111100010001000000000
01000001100111011100110000011100
11000000101101000101011111010000
11000000110011111111110011110000
11000000100000011111101000100000
00111111111001110011111111000000
01000001001010110010110101000000
11000000101000100000011010010000
01000000100100100010001101110000
10111111100100000001101010000000
01000001010111101101000111001000
01000001000110100111100111111000
11000001001001011101011110000000
11000000010000111101000000100000
01000001001000011101010101110000
01000000100011010001101000000000
01000001000011000100001001110000
00111110111001000111001100000000
11000000100110011111000101110000
11000000110011100011111100000000
11000000100010101110111100110000
11000000101110101000001001110000
01000001000101111100100001101000
11000000110101110001011011000000
01000000100011001011010101110000
11000001001011100011001010010000
01000000011110010110100011000000
01000001001010001100111111101000
01000000110100110101110011110000
10111110000100110101000000000000
00111111100010010000111000000000
01000001011101010011000100101000
11000000100101000010110111110000
01000000101001111000011000010000
01000001100101010101010101101100
01000000001011100001100000100000
01000001100101111110110111010000
11000000101111011111110010010000
11000000111000010100010001100000
01000001100011110101011001111100
11000001000000011110011010010000
11000001000001001110010101000000
00111111001101001001110010000000
01000000101010110010001100100000
11000000100110111010101010110000
11000001000110011001110001101000
01000001101010110110011001000000
11000000110101001101111110010000
01000001000111001000000101010000
01000000101000010110111100100000
11000000001111110001110101000000
11000000110011100110010111000000
01000001100011000000000101110100
11000000100111001101110110000000
01000001100001001101001001110000
11000001100011011101001111101000
11000001011111100101001000101000
11000000000110100011000001100000
11000000000010111000100011000000
01000000110010010001101011100000
01000000100110010001011111010000
01000000000111100010100000000000
01000001100010010110001001110100
01000000111100000010010010100000
11000000000011110100110010100000
11000001001101011011010100011000
01000000010010100100010000000000
11000001000100010101100110011000
11000001001010000100100011111000
11000001001110001001010011111000
11000001101000111010000101110100
01000000011101011110111100100000
11000001110100001000111011000000
01000001100111010110010010011000
01000001001101010001101000111000
11000001000100010000000001001000
01000010000000100000001100101000
01000000000010000111000001100000
01000001001001110100001100001000
11000001110000000101111110001100
11000000000000111010010110100000
11000001000110110111110101111000
11000001110100101000000001110000
11000000000010100001110100100000
11000001010001001110000101001000
11000001001000111101111011100000
11000000000110011011101101100000
11000000111101101101110010000000
01000001001110111011001010101000
11000001011011001000100011101000
01000000111000001011010111110000
11000001100100001101100000001000
00111111011011001011010100000000
11000000100010000000011001010000
10111110110100010000111100000000
01000001010001110011101101111000
10111111000111011010001110000000
01000000001100111011010001000000
11000000001010010101100101100000
01000001001011001100101111000000
11000000000101001101101101100000
11000001001111011100110011001000
01000001010111110010111101000000
01000000101110000011111100100000
11000001000010111111001111011000
11000001000010000101111011000000
01000000111100100000101010110000
01000001011010101100011010101000
11000000100010011000111100010000
11000000101001111001000100110000
11000001000101010010100111001000
01000001001101100111000100010000
10111111101010101101001111000000
01000000010110111100111011100000
01000001101111000100111001111100
11000001000110011111101010010000
11000000101100100110111000000000
01000001100000010011011110001000
11000000110001110111011000100000
01000010001111010001111100100110
01000000111000101111010100000000
00111111100001110001100001000000
01000000101000111001010011100000
01000000110100001111111010000000
11000001101001001110010110011000
01000001000110101110110001010000
01000001001101001011001110000000
01000001100101111100110111100100
01000001000001110010000010110000
11000000100111000000011110110000
01000001111011111100111111110100
01000001100111110000011110011000
01000001100111000111010100111100
11000000100101110010111011110000
11000000101001010010000110010000
11000001001101100110100011100000
11000001000000011000010000101000
01000001111101000010100101110100
01000001011110011111100011100000
01000000100100001110110111010000
11000000000000011100001100000000
01000001010011100010000100110000
11000001000010010101101011111000
01000001111011011001011010111100
01000001000110001111010000001000
11000000111101011100001010010000
11000001001011001110011110100000
11000001010101111000101100010000
11000001001000010111001111110000
11000001111011000110110110111100
11000001011100111011001011001000
11000001000010110100110100010000
11000001101010110100011100010000
11000010010001111001111100111000
11000000101011000100111111000000
01000000101001101101110101000000
01000001001010101010000110011000
11000001001110010110001101101000
11000000110100000011111100010000
01000000001101010111111010000000
11000000101010011110001011110000
01000001100101101110001010011100
01000000111001011010111100100000
01000001100111110010010011111100
01000001100111100000110110001000
11000000101010010000010100110000
01000000010111100011010100100000
01000001000111101110011000101000
01000001011001100000011000000000
11000001010010101110111110000000
01000001110000001111001010011100
01000000101101000000010100110000
11000001111011001000011011010100
11000001011011000010100010111000
01000001001000101010100000000000
11000000101100011001111100010000
01000000111011101011001111010000
01000001100111110111000001010000
01000001011111100101010110110000
11000000100000010010101111100000
11000001110001110001011110101100
11000000101110000011100010110000
11000001010100100010000010101000
01000001111111011000010011111000
01000001011000101100001100100000
11000001001100110010100111011000
11000001111111000010101011000100
11000001100010110011111000101100
01000001101000111000110011101000
11000001000101001111001011101000
11000001101001111110000100100100
11000001011011110111111101111000
11000010000010001010000001010100
11000010000010011101000011110110
01000001111010000100111111010000
01000001100111000110001110100100
01000001101011010100100100100100
00111111111010101110101100000000
11000010000011111000000111110100
11000001110000010001101101101000
11000001000000101010111000100000
01000010000010100011011100000010
11000001100001101011100110000000
01000001000010010001101010000000
11000001101011100110110000011100
11000000111101101100011010010000
01000001100111000110110001101000
01000001010100101111011011000000
