00000000000000000000000000000000
01000000111100110110101101100000
00111111100111011101110001000000
11000001101100001011100000111100
01000001000110110000011110111000
10111111101110001010110010000000
11000000101101010011000111100000
11000001100010100010110010100000
10111111011111111001100100000000
11000001011111101100010010111000
01000000110111110011010001110000
01000000111010011001110011010000
11000001000010101001010111010000
10111111111111111100110010000000
11000001110000010000010100111100
11000000100001111001101100000000
11000000010111010110000010000000
01000001001100000000000110000000
01000010000001001110001011000000
11000000001010000001110011100000
11000001101100011011100110101100
11000001001001011010110011110000
10111110001000001101101000000000
11000001011000101010111001111000
01000010000001100111100000100000
01000001101011010111100011001000
11000001000000010100100100111000
01000001101101110111000000001000
11000000010110100000010011000000
01000010000010000100101101101110
01000001111100000111001011011000
01000010000101100110001011000000
00111110110100001100100000000000
11000001110101100011110010111100
00111111101001101111000001000000
01000000010010111001101010000000
01000001000111010111101010110000
10111111001011111011011010000000
01000001100001010000111000100100
01000001110111001100110100110000
11000001111001101110101101110000
11000001101010110100111011000000
01000001101110010110010011101100
01000000011101100101111000000000
11000001011011000110100111100000
11000001000011100000000011001000
11000010001000000011101110110000
11000001010110001010111110010000
10111111000011100110100000000000
10111110111000110001101000000000
01000000100100110000111000010000
10111110111001011111101000000000
11000001101110100110001101010100
11000000010111000111101110000000
11000000010100110000111110000000
01000000110010010111100100010000
00111111111010011101000010000000
11000001011000101100011000001000
00111110110111010000000100000000
01000000111010110011000110000000
01000001000111110000101001110000
01000001001101110111011011100000
01000010000000111010100011011010
01000001110110111111010111100100
01000000000101100010101101000000
11000001011101011011100000001000
11000000101100011110110011000000
01000000101101110010101101010000
01000001010000111101010100110000
11000000110111110000011100000000
11000001111100110011111001011100
11000001100101100010010110010100
11000001110000010011110000111100
01000000100001110111000010000000
11000001000110010110101100011000
01000001110111101110111000110100
01000000101010001010010110100000
11000000110011001011101011010000
11000001010110011111100101101000
00111111000011001101100000000000
01000000110111000111010000100000
11000001010000110010010010011000
01000001101110000110000100110000
01000001000110011100100100011000
11000001101010111011001100000100
00111111100001110010100110000000
11000001011011101110100101100000
01000001000110100000110111110000
01000001001111000100110101011000
11000001010010110010000101000000
11000001011100010011001100111000
01000001000100010001110001110000
01000001000000111100010010111000
01000000011100010001100001000000
01000001001001110010111100011000
00111111101110010111100001000000
11000000110110101110101001000000
11000000111111100101011101110000
00111110111101101100110000000000
01000001001001000101111000110000
01000000111111001001101101010000
01000001001010011110011000101000
01000000101111100111100011010000
11000001001101111001000111011000
11000001000010001101001110001000
01000001110100001100001100100100
11000000100011010111101011100000
01000010001000000010011001010000
01000001100100000111011101011000
00111110011111011111111000000000
11000000111110111000000001110000
11000001010011111011011001110000
10111111101001110011000010000000
01000000101011010010111110100000
01000001000010010001001001011000
11000001011111111111110001100000
01000000110011111100010000110000
11000001110101110100010101000000
11000001010010110010101010111000
11000001000000000010111001111000
11000000101011001101110011000000
11000001100110101001010011100000
01000000100100100010110001110000
11000000100010101011100011010000
11000001010001011000000100111000
01000001010111110000110011111000
01000000010011001110010001000000
01000001100101110011100010010100
01000001110110001110101011110000
11000000011110010011111100100000
01000000111100101101011010100000
11000000101111011110110001010000
01000001100001000010100100011000
11000001011010000000000111000000
01000000100111110001100001000000
11000001111101000000101010001100
01000001101000001010010101111100
01000000100101001110000100100000
01000001101110010101101000110000
01000001010001000111010101011000
01000000011000100010101101000000
11000001001101110111001101111000
11000001000011111101101001110000
11000001101100110000100000111100
01000000000000100101101100100000
01000001101001001011010001010100
11000001010100001010111110110000
11000000110100100000000011000000
00111111001011010001011100000000
00111111001011001011001110000000
11000001000100011111001010100000
11000000101110110011000010000000
01000001111011101001010000110100
00111111111111110111101001000000
11000001110101011000000101001100
11000000001110011111101100100000
01000000000101001010110011100000
01000001010001101000011010110000
11000000101111011110001101100000
01000000111111011000001110010000
11000001001110110011111110101000
01000001001001011010010000110000
00111111110000001011110111000000
11000001000101110001010101110000
01000000110111001000001010110000
11000001011001011001110000011000
00111111100011111101111101000000
11000001010111101010001011101000
11000001001010000000001111010000
01000000001000010101001101100000
01000000101110010101100001100000
11000001000010000011101011010000
01000001001010010111001110101000
11000001010111110110110001100000
01000000100000111101100101010000
01000000011000111101110001100000
01000001000010100011101101110000
01000000000000011000010100000000
01000000110111011110110101000000
01000001101000110101010101110100
01000000001000110010110100000000
01000000111100010011010000000000
11000000010111010100100100100000
11000000101010100011011110000000
11000000000111110100111001000000
11000001011100010111111110010000
11000000101100110010100001110000
11000000010001110101011110100000
10111110111101001111000000000000
11000001001000100110110011010000
01000000011110110010100101000000
11000001010010011100010000001000
01000001011001010000011101000000
01000001001101010110010111011000
00111110111010010001010000000000
11000000000100011101101000100000
01000001011011000000011001001000
11000000011011011001010110000000
00111111101011010000011001000000
11000000000011011011000110100000
11000001010001010111101101110000
11000001001001010000100011000000
11000001001111010101011100001000
11000001010110000001011000001000
11000000101011011001000110110000
01000001100110110001100010010000
00111110111001011000100100000000
01000000101000100111100101100000
01000001001000100001111001000000
00111111010011100100101000000000
11000001000111001000100110101000
10111111011011100101000010000000
11000000111111010110110101100000
01000001001001001001101101000000
11000000100000010001111010100000
11000001011101010101000001100000
00111111110000011001111001000000
01000000100011110000010000010000
11000000101101010011111111000000
01000001011111101101001111110000
11000001010000100101110100111000
11000001000011010101100001101000
10111111011010011011100010000000
01000000100110111001010111110000
01000000101010001010000110100000
10111111010101111110010110000000
01000000110001111011110010110000
10111111110111000001110010000000
11000000100101100110001100110000
00111111111001110100100010000000
11000000001010000000111001000000
01000001101001110101001111110000
01000001001010011000000001011000
01000001000110010110111000001000
11000001001010111101111010010000
11000000110100110000101100010000
11000000000011100011011010100000
11000000101000011111101001010000
01000000011011110110100100100000
11000000101110100111110111100000
10111111110100110010011000000000
11000001010000000110111111011000
11000000101101100101010001110000
10111111111001011110100000000000
01000000101001111001000100000000
01000000010101010100101011000000
01000001001111011110000001000000
01000001011110111100100100001000
01000000010100001001101111100000
11000000010101001010011101000000
11000001000011011011111000010000
01000000100101101001001111100000
11000001000100111101011111100000
10111110110000111100011000000000
01000000011111110110010011100000
11000001001110000001001100111000
00000000000000000000000000000000
01000001001110000001001100110000
11000000011111110110010100000000
00111110110000111100010000000000
01000001000100111101011111011000
11000000100101101001001111110000
01000001000011011011111000001000
01000000010101001010011100100000
11000000010100001001110000000000
11000001011110111100100100010000
11000001001111011110000001001000
11000000010101010100101011100000
11000000101001111001000100010000
00111111111001011110011111000000
01000000101101100101010001100000
01000001010000000110111111010000
00111111110100110010010111000000
01000000101110100111110111010000
11000000011011110110100101000000
01000000101000011111101001000000
01000000000011100011011010000000
01000000110100110000101100000000
01000001001010111101111010001000
11000001000110010110111000010000
11000001001010011000000001100000
11000001101001110101001111110100
01000000001010000000111000100000
10111111111001110100100011000000
01000000100101100110001100100000
00111111110111000001110001000000
11000000110001111011110011000000
00111111010101111110010010000000
11000000101010001010000110110000
11000000100110111001011000000000
00111111011010011011100000000000
01000001000011010101100001100000
01000001010000100101110100110000
11000001011111101101001111111000
01000000101101010011111111000000
11000000100011110000010000100000
10111111110000011001111010000000
01000001011101010101000001011000
01000000100000010001111010010000
11000001001001001001101101001000
01000000111111010110110101010000
00111111011011100101000000000000
01000001000111001000100110100000
10111111010011100100101010000000
11000001001000100001111001000000
11000000101000100111100101110000
10111110111001011000101000000000
11000001100110110001100010010100
01000000101011011001000110100000
01000001010110000001011000000000
01000001001111010101011100000000
01000001001001010000100010111000
01000001010001010111101101101000
01000000000011011011000110000000
10111111101011010000011010000000
01000000011011011001010101100000
11000001011011000000011001010000
01000000000100011101101000000000
10111110111010010001010100000000
11000001001101010110010111100000
11000001011001010000011101001000
01000001010010011100010000000000
11000000011110110010100101100000
01000001001000100110110011001000
00111110111101001110111100000000
01000000010001110101011110000000
01000000101100110010100001100000
01000001011100010111111110001000
01000000000111110100111000100000
01000000101010100011011101110000
01000000010111010100100100000000
11000000111100010011010000100000
11000000001000110010110101000000
11000001101000110101010101111000
11000000110111011110110101010000
11000000000000011000010100100000
11000001000010100011101101111000
11000000011000111101110010000000
11000000100000111101100101100000
01000001010111110110110001011000
11000001001010010111001110110000
01000001000010000011101011001000
11000000101110010101100001110000
11000000001000010101001110000000
01000001001010000000001111000000
01000001010111101010001011100000
10111111100011111101111110000000
01000001011001011001110000010000
11000000110111001000001011000000
01000001000101110001010101101000
10111111110000001011111000000000
11000001001001011010010000111000
01000001001110110011111110100000
11000000111111011000001110100000
01000000101111011110001101010000
11000001010001101000011010111000
11000000000101001010110100100000
01000000001110011111101100000000
01000001110101011000000101001000
10111111111111110111101010000000
11000001111011101001010000111000
01000000101110110011000001110000
01000001000100011111001010011000
10111111001011001011010000000000
10111111001011010001011110000000
01000000110100100000000010110000
01000001010100001010111110100000
11000001101001001011010001011000
11000000000000100101101101100000
01000001101100110000100000111000
01000001000011111101101001101000
01000001001101110111001101110000
11000000011000100010101101100000
11000001010001000111010101100000
11000001101110010101101000110100
11000000100101001110000100110000
11000001101000001010010110000100
01000001111101000000101010001000
11000000100111110001100001010000
01000001011010000000000110110000
11000001100001000010100100011100
01000000101111011110110001000000
11000000111100101101011011000000
01000000011110010011111011100000
11000001110110001110101011110100
11000001100101110011100010011000
11000000010011001110010001100000
11000001010111110000110100000000
01000001010001011000000100110000
01000000100010101011100011000000
11000000100100100010110010010000
01000001100110101001010011011100
01000000101011001101110010110000
01000001000000000010111001110000
01000001010010110010101010101000
01000001110101110100010100111100
11000000110011111100010001000000
01000001011111111111110001011000
11000001000010010001001001100000
11000000101011010010111111000000
00111111101001110011000001000000
01000001010011111011011001101000
01000000111110111000000001100000
10111110011111100000000000000000
11000001100100000111011101011100
11000010001000000010011001010100
01000000100011010111101011000000
11000001110100001100001100101000
01000001000010001101001110000000
01000001001101111001000111001000
11000000101111100111100011110000
11000001001010011110011000111000
11000000111111001001101101100000
11000001001001000101111000111000
10111110111101101100110100000000
01000000111111100101011101010000
01000000110110101110101000100000
10111111101110010111100010000000
11000001001001110010111100101000
11000000011100010001100001100000
11000001000000111100010011001000
11000001000100010001110001111000
01000001011100010011001100110000
01000001010010110010000100110000
11000001001111000100110101100000
11000001000110100000110111111000
01000001011011101110100101011000
10111111100001110010101000000000
01000001101010111011001011111100
11000001000110011100100100101000
11000001101110000110000100110100
01000001010000110010010010010000
11000000110111000111010000110000
10111111000011001101100010000000
01000001010110011111100101100000
01000000110011001011101010110000
11000000101010001010010110110000
11000001110111101110111000111000
01000001000110010110101100010000
11000000100001110111000010100000
01000001110000010011110000110100
01000001100101100010010110001100
01000001111100110011111001011000
01000000110111110000011011100000
11000001010000111101010101000000
11000000101101110010101101100000
01000000101100011110110010110000
01000001011101011011100000000000
11000000000101100010101110000000
11000001110110111111010111101000
11000010000000111010100011011100
11000001001101110111011011101000
11000001000111110000101001111000
11000000111010110011000110100000
10111110110111010000001000000000
01000001011000101100011000000000
10111111111010011101000011000000
11000000110010010111100100100000
01000000010100110000111101100000
01000000010111000111101101100000
01000001101110100110001101010000
00111110111001011111100100000000
11000000100100110000111000110000
00111110111000110001100000000000
00111111000011100110011110000000
01000001010110001010111110001000
01000010001000000011101110101110
01000001000011100000000011000000
01000001011011000110100111011000
11000000011101100101111000100000
11000001101110010110010011110000
01000001101010110100111010111100
01000001111001101110101101101100
11000001110111001100110100111000
11000001100001010000111000101000
00111111001011111011010110000000
11000001000111010111101011000000
11000000010010111001101010100000
10111111101001101111000010000000
01000001110101100011110010111000
10111110110100001100101000000000
11000010000101100110001011000010
11000001111100000111001011011100
11000010000010000100101101110010
01000000010110100000010010000000
11000001101101110111000000001100
01000001000000010100100100110000
11000001101011010111100011010000
11000010000001100111100000100010
01000001011000101010111001110000
00111110001000001101011000000000
01000001001001011010110011101000
01000001101100011011100110101000
01000000001010000001110010100000
11000010000001001110001011000100
11000001001100000000000110001000
01000000010111010110000001000000
01000000100001111001101011100000
01000001110000010000010100111000
00111111111111111100110000000000
01000001000010101001010111000000
11000000111010011001110011110000
11000000110111110011010010010000
01000001011111101100010010101000
00111111011111111001100000000000
01000001100010100010110010011000
01000000101101010011000111000000
00111111101110001010110000000000
11000001000110110000011111010000
01000001101100001011100000110100
10111111100111011101110100000000
11000000111100110110101110010000
