520
510
509
511
513
515
502
510
511
514
507
501
521
531
531
529
517
514
516
514
513
512
502
494
504
513
510
512
515
510
513
529
525
517
517
519
509
505
517
531
514
509
510
510
509
507
500
497
503
507
520
523
518
515
517
511
510
511
513
521
513
511
515
515
511
504
500
506
512
515
518
513
510
514
506
506
507
499
513
534
541
542
498
506
517
517
504
502
505
510
512
513
511
513
515
512
508
512
514
518
512
519
515
522
517
508
507
508
515
515
513
515
514
515
515
511
503
506
511
518
518
516
515
512
515
513
503
497
507
513
519
510
515
518
516
514
505
503
512
513
517
518
514
515
519
524
514
507
510
508
513
523
515
508
507
506
509
511
511
511
516
521
515
510
517
515
508
502
508
513
513
512
515
513
517
515
512
511
513
527
527
516
510
504
502
505
508
504
512
521
525
525
513
506
509
514
507
506
511
513
513
515
518
521
508
501
504
513
527
524
506
512
519
515
508
511
516
525
519
512
504
500
504
502
499
503
508
516
531
526
521
518
516
513
514
511
504
501
514
516
519
512
515
524
517
516
509
499
508
512
515
515
520
515
512
508
505
511
518
524
515
512
511
506
506
510
507
506
512
518
516
516
515
516
514
512
507
504
513
516
513
521
525
519
511
505
505
508
513
516
516
506
503
513
523
523
521
511
519
526
523
511
506
504
506
505
500
507
513
517
518
515
505
511
518
523
518
517
511
515
511
510
518
517
515
517
506
505
511
516
519
516
511
507
505
508
499
508
522
526
513
512
510
512
517
512
510
511
502
507
510
514
508
510
515
513
508
508
512
523
530
525
523
524
520
517
507
503
514
516
514
512
512
508
505
503
499
505
511
520
519
517
512
513
512
508
500
497
500
518
520
521
515
516
521
512
506
515
512
515
513
511
512
523
520
505
500
510
512
512
519
520
513
506
515
514
506
512
517
511
509
513
510
505
504
501
497
500
512
520
521
512
515
521
524
523
519
518
515
519
519
518
507
498
505
503
512
522
519
523
513
515
514
517
519
516
510
514
510
505
508
515
520
516
511
511
500
501
509
520
525
521
519
503
500
512
514
524
520
516
519
512
506
509
513
506
511
508
507
503
508
527
523
516
516
509
510
508
511
520
521
519
511
510
511
505
497
504
510
513
518
515
515
512
514
512
505
512
513
512
511
521
521
514
508
506
501
504
510
507
510
519
519
519
516
519
515
511
504
516
511
520
516
512
523
520
505
502
509
515
515
515
515
514
511
506
502
505
506
520
523
518
508
508
513
508
494
493
510
521
529
536
525
519
519
511
500
502
508
522
523
518
510
508
511
517
503
496
509
523
522
512
510
504
505
513
517
518
515
520
519
516
519
511
513
513
511
509
515
517
506
507
506
505
511
511
508
515
526
539
530
516
509
509
509
508
505
503
506
511
519
523
518
513
510
515
509
508
512
518
516
519
511
505
515
514
508
507
510
517
520
515
518
516
516
515
506
506
497
509
520
528
525
521
514
499
494
504
513
519
526
523
513
512
518
506
506
510
511
516
510
503
509
512
509
505
503
508
515
519
515
513
508
509
518
513
509
512
510
515
518
516
513
508
508
508
514
515
512
516
517
515
514
518
515
515
515
517
510
511
514
515
517
516
512
509
498
503
505
506
511
514
517
512
510
512
514
511
519
529
526
518
511
511
507
507
502
500
507
514
519
521
520
512
509
508
508
512
522
530
523
514
506
504
499
502
504
515
519
528
517
513
512
511
512
509
499
503
513
523
521
524
518
511
511
509
504
496
503
512
516
518
517
514
512
521
515
511
515
521
521
519
507
505
506
507
501
496
506
517
513
511
504
509
530
531
520
508
512
520
519
512
510
504
511
515
511
507
508
507
515
520
514
519
523
525
511
507
509
511
513
507
501
514
521
520
507
497
502
510
515
513
518
513
512
519
524
523
514
519
515
510
507
507
509
510
498
499
504
518
519
514
518
520
527
521
512
507
515
526
527
514
504
502
509
504
510
509
510
519
513
511
512
511
511
515
505
497
506
518
519
515
512
512
515
508
508
507
513
515
516
518
515
512
515
506
506
509
512
521
529
524
519
514
513
508
499
504
508
511
513
517
516
511
510
509
506
505
505
516
525
530
524
515
514
511
506
505
509
516
515
513
515
518
513
515
510
512
512
516
517
510
509
509
503
505
502
512
522
524
522
519
511
506
511
514
510
510
511
517
520
520
518
510
504
504
502
494
508
516
504
502
510
515
523
520
510
518
529
525
516
512
506
502
503
501
498
502
510
515
523
524
527
516
515
513
512
518
515
525
513
514
519
513
513
506
496
501
505
513
519
521
521
518
515
512
507
507
512
526
516
512
514
514
510
508
508
507
511
511
518
519
519
511
505
511
519
518
514
518
513
508
505
505
505
502
506
523
524
520
521
519
511
509
511
507
502
507
509
520
518
516
510
500
514
519
516
515
523
522
510
508
519
513
513
513
506
508
511
522
520
517
517
515
510
502
497
496
502
514
516
517
523
518
515
518
508
505
505
514
524
526
519
515
511
509
505
502
507
517
512
514
516
505
498
504
518
521
527
525
519
513
510
510
507
505
502
506
509
513
513
515
519
518
508
506
507
513
519
531
527
523
513
507
509
512
501
502
497
504
510
517
515
517
515
518
512
520
518
518
512
519
519
509
508
511
511
513
512
511
511
511
513
514
520
526
513
503
505
513
511
512
508
511
511
518
514
504
509
511
504
512
525
519
518
511
508
511
511
515
512
517
515
506
510
507
510
509
518
516
512
514
514
511
515
518
510
509
505
515
513
516
515
507
512
510
503
521
519
523
518
511
518
522
520
518
511
504
504
509
502
507
520
520
510
505
502
504
518
519
516
511
509
506
518
526
519
511
508
513
516
513
511
514
519
510
503
503
512
518
517
514
518
518
514
509
501
508
513
523
524
516
512
513
512
514
509
504
500
506
522
521
513
512
513
518
510
511
507
514
521
512
508
512
516
508
507
508
510
512
518
517
513
511
506
504
501
503
509
532
547
531
518
508
507
512
507
504
504
504
505
514
517
518
515
511
501
505
507
521
524
519
515
511
517
513
504
504
512
524
528
523
513
507
510
515
509
510
512
516
515
512
506
506
513
518
511
504
511
510
504
509
518
520
526
521
511
511
514
521
518
512
509
509
507
510
510
503
506
510
510
507
519
519
515
517
505
516
527
529
519
515
507
504
504
504
497
497
498
507
515
514
515
515
516
517
508
513
512
516
511
510
512
513
508
509
512
515
523
522
520
520
519
512
512
516
513
509
507
515
516
511
506
506
511
508
505
510
510
513
514
513
511
512
513
523
513
510
510
519
519
523
521
514
513
509
500
507
511
516
519
521
518
518
510
513
508
498
497
499
