00111100110100010101000011110000
10111011110100010101000011110000
10111100000111001111110010110100
10111011010100010101000011110000
00111011010100010101000011110000
00111100000111001111110010110100
10111101000000101101001010010110
10111011110100010101000011110000
10111011010100010101000011110000
00111011110100010101000011110000
10111100100000101101001010010110
10111101000011111110011110100101
00111100111010110111101100001100
00111101011110001001000000011100
00111101011110001001000000011100
00111101010111100110010111111110
00111100100000101101001010010110
00111011110100010101000011110000
00111100010100010101000011110000
00111011110100010101000011110000
00111011010100010101000011110000
00000000000000000000000000000000
10111101000000101101001010010110
10111101011010110111101100001100
10111100110100010101000011110000
00111011010100010101000011110000
10111011110100010101000011110000
00000000000000000000000000000000
00111100000111001111110010110100
10111011110100010101000011110000
00111011010100010101000011110000
00111101010111100110010111111110
00111101001010100001000111000010
00111100100000101101001010010110
00111100100000101101001010010110
00111100101101110010011011010010
10111100000111001111110010110100
10111100101101110010011011010010
00111100100000101101001010010110
00111101011110001001000000011100
00111011110100010101000011110000
10111100000111001111110010110100
10111011110100010101000011110000
10111011110100010101000011110000
10111100000111001111110010110100
10111100100000101101001010010110
10111101000111001111110010110100
10111101010001000011101111100001
10111100111010110111101100001100
10111100100000101101001010010110
00111100110100010101000011110000
00111101000011111110011110100101
00111100100111001111110010110100
00111100000111001111110010110100
00111100100000101101001010010110
10111011010100010101000011110000
10111011110100010101000011110000
10111011010100010101000011110000
00111011010100010101000011110000
00111100111010110111101100001100
00111011010100010101000011110000
10111011010100010101000011110000
00111100000111001111110010110100
00111100000111001111110010110100
10111011010100010101000011110000
10111100110100010101000011110000
10111101000111001111110010110100
10111100100111001111110010110100
00000000000000000000000000000000
00111100000111001111110010110100
00111100100111001111110010110100
00111011010100010101000011110000
10111011110100010101000011110000
00111011110100010101000011110000
10111100100111001111110010110100
10111100100111001111110010110100
10111100100000101101001010010110
10111101001010100001000111000010
00111011010100010101000011110000
00111101100011111110011110100101
00111101101111011011000101011001
00111101110001000011101111100001
10111101001101110010011011010010
10111100100111001111110010110100
00111100100000101101001010010110
00111100100000101101001010010110
10111100110100010101000011110000
10111101000000101101001010010110
10111100101101110010011011010010
10111011110100010101000011110000
00000000000000000000000000000000
00111011010100010101000011110000
10111011010100010101000011110000
00111011010100010101000011110000
00111100000111001111110010110100
00000000000000000000000000000000
10111100010100010101000011110000
00000000000000000000000000000000
00111011110100010101000011110000
00111100100111001111110010110100
00000000000000000000000000000000
00111100101101110010011011010010
00111100000111001111110010110100
00111101000000101101001010010110
00111100100000101101001010010110
10111100010100010101000011110000
10111100100000101101001010010110
10111100010100010101000011110000
00111100000111001111110010110100
00111100000111001111110010110100
00111011010100010101000011110000
00111100000111001111110010110100
00111011110100010101000011110000
00111100000111001111110010110100
00111100000111001111110010110100
10111011010100010101000011110000
10111100111010110111101100001100
10111100100111001111110010110100
10111011010100010101000011110000
00111100100111001111110010110100
00111100100111001111110010110100
00111100010100010101000011110000
00111100000111001111110010110100
00000000000000000000000000000000
00111100000111001111110010110100
00111011010100010101000011110000
10111100111010110111101100001100
10111101010001000011101111100001
10111100100000101101001010010110
00111011010100010101000011110000
00111100101101110010011011010010
10111011110100010101000011110000
00111100000111001111110010110100
00111100100111001111110010110100
00111100010100010101000011110000
00111011110100010101000011110000
10111100101101110010011011010010
10111100111010110111101100001100
00000000000000000000000000000000
00111011010100010101000011110000
00111100100000101101001010010110
00111100100111001111110010110100
00111011110100010101000011110000
00111100000111001111110010110100
00111100101101110010011011010010
00111101000111001111110010110100
00111011110100010101000011110000
10111100100000101101001010010110
10111011110100010101000011110000
10111100010100010101000011110000
00111011010100010101000011110000
00111101000011111110011110100101
00111100000111001111110010110100
10111100010100010101000011110000
10111100100000101101001010010110
10111100100111001111110010110100
10111100000111001111110010110100
10111011010100010101000011110000
10111011010100010101000011110000
10111011010100010101000011110000
00111100010100010101000011110000
00111100111010110111101100001100
00111100000111001111110010110100
10111011110100010101000011110000
00111100100000101101001010010110
00111100000111001111110010110100
10111100010100010101000011110000
10111101000000101101001010010110
10111100010100010101000011110000
00111011010100010101000011110000
00111011010100010101000011110000
00000000000000000000000000000000
00111100000111001111110010110100
00111011010100010101000011110000
00111100100000101101001010010110
00111100000111001111110010110100
00000000000000000000000000000000
10111011010100010101000011110000
00111011010100010101000011110000
00111101010001000011101111100001
00111101010001000011101111100001
00111100010100010101000011110000
10111011110100010101000011110000
10111100110100010101000011110000
10111101000000101101001010010110
10111100101101110010011011010010
10111100010100010101000011110000
10111100110100010101000011110000
00000000000000000000000000000000
00111100111010110111101100001100
00111101001010100001000111000010
00111101001010100001000111000010
00111011010100010101000011110000
10111100100111001111110010110100
10111100000111001111110010110100
00111011110100010101000011110000
10111100100000101101001010010110
10111100100111001111110010110100
10111011010100010101000011110000
00111011010100010101000011110000
00111011010100010101000011110000
00111100000111001111110010110100
00111100100111001111110010110100
00111100111010110111101100001100
10111100010100010101000011110000
10111101000011111110011110100101
10111100110100010101000011110000
00111011010100010101000011110000
00111101010001000011101111100001
00111101000111001111110010110100
10111100100111001111110010110100
00000000000000000000000000000000
00111100101101110010011011010010
00111100000111001111110010110100
10111100010100010101000011110000
10111011010100010101000011110000
00111100010100010101000011110000
00111101001010100001000111000010
00111100101101110010011011010010
00000000000000000000000000000000
10111100110100010101000011110000
10111101000111001111110010110100
10111100110100010101000011110000
10111101000000101101001010010110
10111101001010100001000111000010
10111100111010110111101100001100
10111100010100010101000011110000
00111100010100010101000011110000
00111101011110001001000000011100
00111101001101110010011011010010
00111100111010110111101100001100
00111100100111001111110010110100
00111100010100010101000011110000
00111011010100010101000011110000
00111011110100010101000011110000
10111011010100010101000011110000
10111100110100010101000011110000
10111101000011111110011110100101
00111011110100010101000011110000
00111100010100010101000011110000
00111100101101110010011011010010
00000000000000000000000000000000
00111100000111001111110010110100
00111101000111001111110010110100
00111100100000101101001010010110
00111100010100010101000011110000
10111100000111001111110010110100
10111101001010100001000111000010
10111100010100010101000011110000
00000000000000000000000000000000
00111100000111001111110010110100
00111100000111001111110010110100
00111100110100010101000011110000
00111100000111001111110010110100
00000000000000000000000000000000
10111100010100010101000011110000
10111100101101110010011011010010
10111011010100010101000011110000
00111100100111001111110010110100
00111101000111001111110010110100
00111100000111001111110010110100
00000000000000000000000000000000
10111011010100010101000011110000
10111100100111001111110010110100
10111100100111001111110010110100
10111011110100010101000011110000
10111100100000101101001010010110
10111100100111001111110010110100
00000000000000000000000000000000
00111100100111001111110010110100
00111100010100010101000011110000
00111100010100010101000011110000
00111100000111001111110010110100
00111100010100010101000011110000
00111011110100010101000011110000
00000000000000000000000000000000
10111100100000101101001010010110
10111100110100010101000011110000
00111011010100010101000011110000
00111100010100010101000011110000
00111011010100010101000011110000
00111100111010110111101100001100
00111101001010100001000111000010
00111100101101110010011011010010
10111011010100010101000011110000
10111100101101110010011011010010
10111100101101110010011011010010
10111100010100010101000011110000
00111011010100010101000011110000
00111100010100010101000011110000
00111100010100010101000011110000
10111100100111001111110010110100
10111100111010110111101100001100
00111011010100010101000011110000
00111101000011111110011110100101
00111101000011111110011110100101
00111100111010110111101100001100
10111011010100010101000011110000
00111100101101110010011011010010
00111101001101110010011011010010
00111101000011111110011110100101
10111011010100010101000011110000
10111100100111001111110010110100
10111100110100010101000011110000
10111100100111001111110010110100
10111100101101110010011011010010
10111101000111001111110010110100
10111100100000101101001010010110
00111011010100010101000011110000
00111100100000101101001010010110
00111100100111001111110010110100
00111100000111001111110010110100
10111100101101110010011011010010
10111011010100010101000011110000
00111100100111001111110010110100
00111101000011111110011110100101
00111100100111001111110010110100
00111100100000101101001010010110
10111011010100010101000011110000
00111100000111001111110010110100
10111011010100010101000011110000
10111011110100010101000011110000
00111100100111001111110010110100
00111100100000101101001010010110
00111100000111001111110010110100
00111100100000101101001010010110
10111100100111001111110010110100
10111100101101110010011011010010
10111011010100010101000011110000
00111100010100010101000011110000
00111100101101110010011011010010
00111100010100010101000011110000
10111011010100010101000011110000
10111100100000101101001010010110
10111100101101110010011011010010
10111100010100010101000011110000
10111101001010100001000111000010
10111100010100010101000011110000
00111101000000101101001010010110
00111101001101110010011011010010
00111011010100010101000011110000
00000000000000000000000000000000
10111011110100010101000011110000
00000000000000000000000000000000
00111100100000101101001010010110
00000000000000000000000000000000
10111011110100010101000011110000
10111011010100010101000011110000
10111101000000101101001010010110
10111100100000101101001010010110
10111011110100010101000011110000
00111011110100010101000011110000
10111100010100010101000011110000
10111011110100010101000011110000
00111100000111001111110010110100
00111011010100010101000011110000
10111100010100010101000011110000
10111100010100010101000011110000
00000000000000000000000000000000
00111101000011111110011110100101
00111101011010110111101100001100
00111101001010100001000111000010
00111101000011111110011110100101
00111101000111001111110010110100
00111100110100010101000011110000
00111100100000101101001010010110
10111100100000101101001010010110
10111100111010110111101100001100
00111011110100010101000011110000
00111100010100010101000011110000
00111011110100010101000011110000
00000000000000000000000000000000
00000000000000000000000000000000
10111100010100010101000011110000
10111100101101110010011011010010
10111100111010110111101100001100
10111101001010100001000111000010
10111100101101110010011011010010
10111011010100010101000011110000
00111100110100010101000011110000
00111100101101110010011011010010
00111100100000101101001010010110
00000000000000000000000000000000
00111011010100010101000011110000
00000000000000000000000000000000
10111100010100010101000011110000
10111101000111001111110010110100
10111101010001000011101111100001
10111101000111001111110010110100
00111100100111001111110010110100
00111100110100010101000011110000
00111100111010110111101100001100
00111100000111001111110010110100
00111100010100010101000011110000
00111100111010110111101100001100
00000000000000000000000000000000
10111100100111001111110010110100
00111100000111001111110010110100
00000000000000000000000000000000
00111100000111001111110010110100
00111011010100010101000011110000
10111011010100010101000011110000
00000000000000000000000000000000
00111101000011111110011110100101
00111100110100010101000011110000
10111100101101110010011011010010
10111101000111001111110010110100
10111011110100010101000011110000
00000000000000000000000000000000
00000000000000000000000000000000
00111100101101110010011011010010
00111100110100010101000011110000
00111011010100010101000011110000
10111100100111001111110010110100
00111100000111001111110010110100
00111011110100010101000011110000
10111100100111001111110010110100
00000000000000000000000000000000
00111100100000101101001010010110
10111011010100010101000011110000
10111100000111001111110010110100
00111011010100010101000011110000
10111011110100010101000011110000
10111100101101110010011011010010
10111100110100010101000011110000
10111101000011111110011110100101
10111101010001000011101111100001
10111101000111001111110010110100
00000000000000000000000000000000
00111100110100010101000011110000
00111100111010110111101100001100
00000000000000000000000000000000
00111100000111001111110010110100
00111100111010110111101100001100
00111101000111001111110010110100
00111101000011111110011110100101
00111100101101110010011011010010
00111100100111001111110010110100
00111100000111001111110010110100
00111100101101110010011011010010
00111100101101110010011011010010
00111100100111001111110010110100
10111100100000101101001010010110
10111101001101110010011011010010
10111100101101110010011011010010
10111100111010110111101100001100
00000000000000000000000000000000
00111101000000101101001010010110
00111100101101110010011011010010
00111101000011111110011110100101
00111011010100010101000011110000
00111100000111001111110010110100
00111011110100010101000011110000
00111100100000101101001010010110
00111100101101110010011011010010
00111100010100010101000011110000
10111011110100010101000011110000
00111011110100010101000011110000
10111011110100010101000011110000
10111100101101110010011011010010
10111100010100010101000011110000
00111100000111001111110010110100
00111100110100010101000011110000
00111100010100010101000011110000
10111011010100010101000011110000
10111011010100010101000011110000
10111101000111001111110010110100
10111101000011111110011110100101
10111100000111001111110010110100
00111100110100010101000011110000
00111101001010100001000111000010
00111100111010110111101100001100
00111100101101110010011011010010
10111100111010110111101100001100
10111101000111001111110010110100
00000000000000000000000000000000
00111011110100010101000011110000
00111101000111001111110010110100
00111100110100010101000011110000
00111100010100010101000011110000
00111100101101110010011011010010
00000000000000000000000000000000
10111100100111001111110010110100
10111100000111001111110010110100
00111011010100010101000011110000
10111100100111001111110010110100
10111011010100010101000011110000
10111100010100010101000011110000
10111100100000101101001010010110
10111100111010110111101100001100
10111100010100010101000011110000
00111101010001000011101111100001
00111101000011111110011110100101
00111100010100010101000011110000
00111100010100010101000011110000
10111100000111001111110010110100
10111011110100010101000011110000
10111100010100010101000011110000
10111011010100010101000011110000
00111100110100010101000011110000
00111100111010110111101100001100
00111100101101110010011011010010
10111011010100010101000011110000
10111011110100010101000011110000
10111011010100010101000011110000
10111100101101110010011011010010
10111101010001000011101111100001
10111100110100010101000011110000
10111011110100010101000011110000
00111011010100010101000011110000
00111100100111001111110010110100
00111100000111001111110010110100
