0000000000000000000000000000000001000100000000000000000000001011
0011111100001001100010011000000011000011100111111011110101011000
1100000011110011011010111000100011000001010100101111011011011100
0100000100101010100011110000110001000010110111011010101110110110
0011111110011101110111000010000001000001100111000110110001100010
1100000110001111111101001100111011000010101101101000011011001110
0100000110110000101110000011100001000000111101101100011001101000
1100000101101011000100000001100001000010011110000111111111101100
0100000100011011000001111100000011000001101011100110110000011100
1100000100000111010101110100100011000001101100100111100100001000
0011111110111000101011000110000011000001000010010001101010010100
0100000100000100010101010001000001000010001000111000010011000010
1100000010110101001100011110000011000001100001101011100110000010
1100000100010101100100110011010010111110100010011110110000000000
0100000110001010001011001001110011000010000010100011011100000101
1100000100001001101100101001000001000010010110011110111111000101
1011111101111111100110010000000011000001000000101010111000011100
1100000010000101000110110000000011000010001001000101100100110101
0100000101111110110001001010110001000001110000010001101101100010
1100000110001000011111100101010001000001101111011010110001101110
0100000011011111001101000111000011000010000011111000000111110110
0100000000100011110110100000000001000001100001000000101011001110
1100000011101001100111001110100010111111111010101110101110000000
0100000100100001110110000000010011000001000011011110011110011100
1100000100001010100101011100100001000001101011010100100100100100
0011111110000101110111001110000011000001010000111100010111000100
0011111111111111110011000100000011000001100111000110001110101010
0100000100011101011100000011010001000001101010000100111100000100
1100000111000001000001010011110001000001111010000100111111001110
0100000110010010000011010001000011000010100001010010111000110000
0100000010000111100110101111000001000010000010011101000011110010
1100000101010110101101101000000001000001110001001000101001011100
1100000001011101011000000110000011000010000010001010000001010100
0100000110100110100101010000111010111110101101100101101000000000
1100000100110000000000011000100001000001011011110111111101101100
1100000110001001010101010001001001000000110010110110110111101000
0100001000000100111000101100000111000001101001111110000100100110
1100000111000011011111100110110001000000111110001000101110101000
0100000000101000000111001100000001000001000101001111001011011100
0100000110000011001000000100010011000001011010011111110001111000
1100000110110001101110011010110001000001101000111000110011100110
0100000100011111001001011000010011000001111000000010001111111000
0100000100100101101011001111000001000001100010110011111000100110
1100000101110110101011111100110001000001010010011000111101011000
1011111000100000110110100000000011000001111111000010101011000110
0100000011111111111111000011000001000001100100001110101001000010
0100000101100010101011100111100001000001001100110010100111001100
1100001000100101101000101100000111000001110011011010001000001100
0100001000000110011110000010000101000001011000101100001100011100
0100000000000100101001110001000001000001001110010000000110001000
1100000110101101011110001100111011000001111111011000010011111100
0100000101010010101000011101110001000001111111100100001011101110
1100000100000001010010010011110011000001010100100010000010100100
0100000110100000010100110110100011000000101101100010011010001000
1100000110110111011100000000101001000000101110000011100010100000
0100000011011100001100010101100001000001001101010000111010000100
1100000001011010000001001010000011000001110001110001011110101110
0100000111001110000010101001001001000001100100011101010101101100
1100001000001000010010110110111101000000100000010010101111010000
0011111110100010111010010110000011000001101001110111110101110100
0100000111110000011100101101101001000001011111100101010110110100
1100000100010010001101010110110001000000101100101000100110010000
1100001000010110011000101100000111000001100111110111000001010100
0100001000101010110101110110000001000001001110110000101111010100
0011111011010000110010001000000001000000111011101011001111010000
1100001000001000001010110100101011000001011001001101001001001000
0100000111010110001111001011110001000000101100011001111100000000
1100000011010111001000011010000010111110101000101100101010000000
0011111110100110111100000010000001000001001000101010100000000000
1011111110100011001010110110000011000001101011000010010110010110
1100000001001011100110101001000001000001011011000010100010110000
0011111101000110100011100000000001000001000100111011111000001000
0100000100011101011110101011010011000001111011001000011011010100
1100000100101000001001000000010001000001110111100100010111011010
0011111100101111101101011100000011000000101101000000010100111000
1100000001000001000000001010000011000001100010111011110010110010
0100000110000101000011100010011001000001110000001111001010011100
1100000100001010100110111100110011000001100010000110010010011010
1100000111011100110011010011010001000001010010101110111101110100
0100001001000111100010011111000111000001100000001011110110111000
1100000111100110111010110111000001000001011001100000011000000100
1100000011101101100111101101000010111111011011111001000100000000
0100000110101011010011101011111011000001000111101110011000110000
1100000110011101010000001101101001000000101101100111100111100000
0100000110111001011001001110110001000000010111100011010100010000
1100000110100101111010001001010011000000100100000000011110100000
1100000001110110010111100001000001000000101010010000010100011000
0100000111010011110100101010110011000001011101110001011000000000
1100000101101100011010011110000001000001100111100000110110001000
1100000101000111010100000011110010111111110101001000010110100000
0100000100001110000000001100100011000001100111110010010100000000
0100000111000110010011011111011001000001011001101011000000110100
1100001000100000001110111011000001000000111001011010111100101000
0100000101111100011110110100010011000000110001010000011100011000
0100000101011000101011111001000011000001100101101110001010100000
1100000101101010110101001100010001000001110110101100101010001010
1011111100001110011001111000000011000000101010011110001011101000
0100000010110011011100000101000011000001001011010100001001001100
0011111011100011000110010000000011000000001101010111111010100000
1100000010000111101010010011000001000001100100010010001011000000
0100000010010011000011100010100011000000110100000011111100011000
1100000010101101100110111100100011000001010010111011111011000000
0011111011100101111110011000000001000001001110010110001101100100
0100000101011101110001110010110011000000010101100111100010000000
1100000110111010011000110101010001000001001010101010000110011000
0100000101100000011110101100100011000001100000000010000010000100
0100000001011100011110111000000011000000101001101101110101001000
1100000011110000010010110011000001000001110101101100010111010000
1100000001010011000011110111000011000000101011000100111111000000
0100000100101101000110001111010011000010001001000111101110001101
1100000011001001011110010001000001000010010001111001111100110110
1011111010011111000000111000000011000001000111011001111011110100
0011111111101001110100001010000011000001101010110100011100001110
1100000010101011101010101100000001000001000110011111010000100100
0100000101100010110001100000010001000001000010110100110100001000
1100000101110101000100110001010000111111111111000011011111100000
0011111011011101000000010000000011000001011100111011001011001100
0100000101011111001101011000000011000000011000101100110100010000
1100000011101011001100011001000001000001111011000110110110110110
1100000100100011000001001001010011000001100111101000011001101000
0100000100011111000010100111000011000001001000010111001111101100
0100000100000110110110101101110001000001001101101100110110111100
1100000100110111011101101110100001000001010101111000101100001100
1100000101100011001001011010010011000001100000110010110101110110
0100001000000011101010001101101111000001001011001110011110100100
1100000100101110110000110000000001000001101001001010010011001000
1100000111011011111101011110011001000000111101011100001001111000
0100000111111010100000010100111011000001111011111100000001001010
0100000000010110001010110110000001000001000110001111010000001100
1100000111010010111001001010101001000001110001110101100010110100
0100000101110101101110000000000011000001111011011001011011000000
0100000010000110011001000011100001000001010011010101001010011100
1100000010110001111011001100000011000001000010010101101011111000
0011111100100001111010101000000001000001100001001000100011100100
1100000010110111001010110110000011000001010011100010000100111100
0100000011000111010001100011000000111111001010011110000010000000
0100000101000011110101010011010011000000000000011100001100010000
1100000111010001101100100101110001000001001110101111000000101100
0100000011011111000001101110100011000000100100001110110111100000
0100000111010110011110011011000011000001011100101000001110111100
1100000111110011001111100101101001000001011110011111100011011100
0011111100010000110111101000000001000001000110110001101001000000
0100000110010110001001011000111011000001111101000010100101110110
1011111111110101101111010000000001000001110011111000011011011010
1100000111000001001111000011100011000001000000011000010000100100
0100000111000001111101110110101011000000101011110110000011001000
1100000010000111011100001000100001000001001101100110100011010100
1100000010001001111101111001100011000001000000000001011111110000
1100000100011001011010110001010011000000101001010010000110011000
0100000111010111101001011010001001000001001111001101110010101000
1100000111011110111011100011010001000000100101110010111011100000
0100000101000111001111101011110011000001110101010011110000101010
0100000010101000101001011010100001000001100111000111010100111100
1100000101001001100000001010010001000001001010111001100010001000
0100000011001100101110101100000011000001100111110000011110011110
0100000011000101101101101011100011000000110011101111001000100000
1100000101011001111110010110110001000001111011111100111111110100
0100000100100010001110101011000011000001101100001000111101100010
1011111100001100110110000100000001000000100111000000011110100000
1100000011000011111110111110100011000000100111111101010100111000
0100000011011100011101000010100001000001000001110010000010110000
1100000011011110001001001011000001000000101000111100100100001000
0100000101000011001001001001000011000001100101111100110111100110
1100000110100110011111000111111001000001000011000011111010101100
0100000110111000011000010011000001000001001101001011001110000000
1100000100110011101010001000010011000001001001100110110110001100
1100000100011001110010010010000011000001000110101110110001010100
0100000110111111100100001110010001000001101101101101100010011010
1100000110101011101100110000001011000001101001001110010110011000
0100000100001001111100110000000001000001010111001110101001000000
1011111110000111001010011010000011000000110100001111111010010000
0100000010111000001111110100000011000000000101100111000000110000
1100000101101110111010010110000001000000101000111001010011100000
0100000110001001000101110101011000111111011001001100011000000000
1100000100011010000011011111010010111111100001110001100001100000
1100000000000000010001011100000011000001000101110000000110011000
0100000100111100010011010101110001000000111000101111010100000000
1100000110000010100011111100000001000001101011100110011110010110
0100000101001011001000010011100011000010001111010001111100100111
0011110110000010010111000000000001000010000100001001000111011100
1100000101110001001100110011010011000000110001110111011000100000
0100000110011101010010000100110010111111000101011101000110000000
1100000100010001000111000111010011000001100000010011011110001100
1100000010100111111111111111100001000001101010111100000010010100
0100000100000011110001001011110011000000101100100110111000001000
1011111011011101011011000000000011000000111110111111110010110000
1100000001110001000110000101000001000001000110011111101010001100
1100000000110000010011000111000011000001011010111011110010011100
0100000100100111001011110001110001000001101111000100111001111110
1100000100000011100000001011000011000001100001111000011100001110
1011111110111001011110000100000011000000010110111100111011110000
0100000100000010011101001011100001000001001101110101110010111000
1100000011011010111010100011100010111111101010101101001110100000
1011111010000011011110111000000011000000000011000001100111010000
0100000011111110010101110110000011000001001101100111000100011100
1100000100010100111010001100110001000001101000010101110100111010
0011111011110110110011000000000011000001000101010010100111001000
0100000100101010110110100001000011000000100110011000000110001000
1100000100100100010111100011010001000000101001111001000100100000
1011111111001101010100101100000000111111100011100010100100100000
0100000011111100100110110101100011000000100010011000111100010000
0011111100100011011100000000000001000001000010101011000011101100
1100000100101001111001100011000011000001011010101100011010101100
0100000011010111000011010111100001000001000110110100100010001000
0100000010111110011110001110000001000000111100100000101010110000
1100000101010000011011101111100011000001100010111000111011100110
0100000100110111100100011101000001000001000010000101111010111100
1100000010010111110101001111100001000000101000111101011000111000
1100000100001000110100111000100011000001000010111111001111011000
0100000111000001101100101011111001000000110110110100101111110000
1100000111010000110000110010011011000000101110000011111100101000
0100000100110010000110000100110010111111001110001011000000000000
1100000010001101011110101101100001000001010111110010111101000000
0100000110110111010111000111111011000001101000001111111011111010
1100001000100000001001100101000101000001001111011100110011000100
0100000110100111110011001110010010111111100010000000100000100000
0100000110010000011101110101101011000000000101001101101101110000
1100000111011101100011001100111001000000100110010001000001001000
1011111001111101111111110000000011000001001011001100101111001000
0100000110101001110111110000010001000001001100101111101101000100
1100000011111011100000000111000011000000001010010101100101100000
1100000101011001101110011011000011000000000010010000001100010000
0100000101001111101101100111010011000000001100111011010001010000
1011111101010001100101000000000001000000101100001110000101101000
1011111110100111001100001000000010111111000111011010001110000000
1011111100101000111111101000000000111111101100011111000000100000
1100000010101101001011111011100011000001010001110011101101111100
0100000011100011111010011110000001000001011101010110000011100100
0100000100001001000100100101100010111110110100010000111010000000
1100000110111101000100001011101011000001001111100101011011101000
0100000101111111111111000101110001000000100010000000011001001000
1011111100000101000001100000000001000000110110001001000111110000
0100000011001111110001000011000000111111011011001011010101000000
1100000111010100101111000101110011000001100001111011001011010000
0100000111010111010001010100000001000001100100001101100000000110
1100000001000011010010010011000011000001000000011100100111001000
1100000101001011001010101011000001000000111000001011010111110000
0100000001101101110100010111000011000001011001100001101101011000
0100000100000000001011100111010001000001011011001000100011100000
1100000000101110000101100011000011000001000110100100111101100100
1100000010101100110111001011100001000001001110111011001010101000
1100000001100000010101010011000011000001011111110011101001111100
0100000110011010100101001101111001000000111101101101110001111000
1100000110010111111111110101101001000000101001111100101000100000
0100000010010010001011001000000011000000000110011011101101010000
0011111111110000101001111000000011000001001100101011001100111100
0100000010001010101110001100100001000001001000111101111011011000
1100000001110011011000101111000001000000110010010101110101100000
1100000101000101100000010011010011000001010001001110000101000100
0100000111000010110110101000001000111111011110110000100110000000
1100000101011111000011001111110001000000000010100001110100000000
1100000010001101101110111101100001000001011011001110000000011000
0100000001001100111001000100000011000001110100101000000001110000
0100000101110000000111001010100001000001001110001010010001101100
1100000110010111001110001001011001000001000110110111110101110000
1100000010000010111010111100000011000001000110101111011001101100
0100000111011000111010101111001011000000000000111010010110100000
1100000110111001101111011011111011000000010011111010010111110000
0100000001111001001111110000000001000001110000000101111110001000
0100000000000101001011100000000011000001111100000111000010101100
0100000011110010110101101010100001000001001001110100001100010000
1100000101000001010000010110110001000001000010110011011111100100
0100000010111101111011000100000011000000000010000111000010000000
1100000010101110100000111110000011000001101001110110101010101110
0100000110000100001010010001100001000010000000100000001100101000
1100000110111000011101001000001011000001101110000001000010110110
0100000101101000000000011011010001000001000100010000000001000100
1100000001001100100111111010000011000000111001100100011001010000
0100000010011111000110000100000001000001001101010001101000111000
1100000110010010010100110111000011000000001111111001001100010000
0100000111110100000010101000100011000001100111010110010010011110
1100000111111111111111111001110001000010000010111101011001101001
0100000110100000101001010111111011000001110100001000111011000000
1100000000000010100010010111000001000000110110111011000101000000
1100000010010100111000010010100011000000011101011110111100100000
1100000100001010101111101111110001000001100010001110001010000110
0100000110111001010110100011001011000001101000111010000101110010
1100000101010110111011011010110001000000010100011000111110010000
1100000101000100011101010101110001000001001110001001010011110100
0100000110010110010000001000101011000000100000011101100100010000
0100000001100010001010110101000011000001001010000100100011111000
1100000110110001000110000110110001000000111000010100010101010000
0100000100110111011100110111000001000001000100010101100110010100
0100000100010111011001011111000011000001010100100011010011101000
1100000100001111110110100111000001000000010010100100010000010000
1100000100101000000011110011000010111111010001110110010110000000
0100000110110011000010000011110001000001001101011011010100001100
1100000101111110111101111001110011000001010111001101001101010000
0100000000000010010110110011000011000000000011110100110010110000
0100000100101000011001010001100001000001100000001000010100101000
1100000110100100101101000101011011000000111100000010010010101000
0100000110111000011010111110101011000001001111011000010001011100
1100000101010000101011111010110001000001100010010110001001110100
1011111110011101000011001000000011000000110010000010001011101000
0100000011010010000000001011000011000000000111100010100000100000
1100000001000101000111011110000010111110011011101110100000000000
0011111100101101000101110000000001000000100110010001011111011000
1011111110111010110010000110000010111111101011111101111000100000
1011111100101100101101000000000011000000110010010001101011101000
0100000011001011110101100011100001000001000001100010100011101000
1100000100010001111100101010000011000000000010111000100011000000
0100000010011011001100111001000011000000100110001010101100001000
0100000010111011001100000111100001000000000110100011000001000000
1100000110100001101000000000101001000001000100111110011110000000
0100000111101110100101000011001011000001011111100101001000100100
1100000110110011111010011010000001000000100010010011110110000000
1011111111111111011110101000000001000001100011011101001111100110
0100000111000100101011001000000011000001110110101011011000110010
1100000111010101100000010100111001000001100001001101001001110100
0100000100111010000011111000000011000000010101001010000010100000
0100000000111001111110110000000001000000100111001101110101110000
1100000011011010101000100100000011000001011011111100100000100000
0100000000010100101011001111000001000001100011000000000101110100
0100000010110110111001001110100011000001001101101110001110001000
1100000101000110100001101011100001000000110011100110010110111000
0100000101000011011011111101000011000000010111100100111110000000
1100000010111101111000110101100011000000001111110001110100110000
0100000000111011000001101110000001000001000011101001101110000100
1100000011111101100000111001100011000000101000010110111100101000
0100000101010010010010001101000011000000101011001000110000101000
1100000100111011001111111010010001000001000111001000000101010100
0100000100001111101101001000100011000000110011110101100100111000
1100000100100101101001000011010001000000110101001101111110001000
0100000100001110001000000001000011000001011010111110110010001100
0011111111000000101111011110000001000001101010110110011001000010
1100000100110100011011110000000011000001100101010001100101001000
0100000100010111000101010110100001000001000110011001110001100100
1100000001011000011110101010000010111111011100111000011111000000
0100000011011100100000101011000011000000100110111010101010101000
1100000101111010100110010010100001000000111000110100001001001000
0100000101100101100111000001010011000000101010110010001100101000
1100000001111100110101100000000000111111111111110011010101000000
0011111110001111110111110100000000111111001101001001110010000000
1100000100011101001001010000000011000000100010110101101111110000
0100000101011110101000101110010001000001000001001110010100111100
1100000001001101110000111110000011000000101000100111110111001000
1100000100101000000000111100110011000001000000011110011010001000
0100000100111100010001000111100001000001100111001110110110110010
1100000000100001010100110111000011000001100011110101011001111110
1100000010011000011110111111000001000001000110010011010001101100
0100000010111001010110000110000011000000111000010100010001011000
1100000010111111101100001111100001000000101110110000110100010000
0100000100001000001110101100110001000000101111011111110010001000
1100000100101000101001100100100011000001101001100001110101110000
0100000100101001011100111010110001000001100101111110110111010000
1100000100111000010110000001110011000000001111101101100011100000
0100000101011111011011000101110011000000001011100001100000110000
1100000101001001111001110010000011000001000110110010010000000100
0100000010000011110110010101100001000001100101010101010101101100
0100000010010100011111010111100011000001000011111110011010000000
1100000001100011110111001000000011000000101001111000011000011000
1100000010101000110011101010000001000000111011000111000010011000
0100000100001010001110110110110011000000100101000010110111111000
1100000000001010110100110101000001000001000110010010001100100100
1100000000000001100001010001000011000001011101010011000100101100
1100000001110010010111001010000001000001000110100111110010001000
0100000011011101111011010100000000111111100010010000110111000000
0100000010101101001100001010100011000000010101000100101000000000
1100000110100011010101010111011000111110000100110100111000000000
0100000101111110101100011001010011000000001001010010001001100000
0100000000100011001011010010000001000000110100110101110011110000
1100000011101010000110100010000010111111000010110101100000000000
1100000011110001001101000001000011000001001010001100111111110000
0100000110000001010101110011101001000001000111010110001101110000
1100000001011101010010010010000001000000011110010110100011000000
1100000100101001101011011011010011000001010111001011100101111000
0100000010101010001101110111000001000001001011100011001010001000
0100000011010101110001111000100011000000100100110011111100001000
1100000000011111010011100100000001000000100011001011010101111000
1100000101000111011100100100010011000000110111010101001000100000
0100000101110001011111111000110001000000110101110001011010111000
1100000000110000011111001000000011000000110100001001100010111000
1100000010110011001010000111100001000001000101111100100001100100
0011111111010110001110101110000011000001001100000010110011111000
0100000001000111010101111000000001000000101110101000001001100000
1011111110000110010110110100000001000000000011010001000100100000
1011111011110100111011111000000011000000100010101110111100110000
1100000010010101111011010111100010111111100101110111001110100000
0100000100100010011011001100100001000000110011100011111011110000
1100000100001001111111110110110011000000011001101000101000000000
0100000001111011001010010100000011000000100110011111000101110000
1100000010011010111001010111100001000000111111101010011100100000
0100000101001001110001000000010010111110111001000111001110000000
1100000110010110100000010100000011000001000100101000011000111000
0100000101100101000001110100010001000001000011000100001001110000
1011110111000110000000000000000000111110010001010100000000000000
1100000100110101011001011101110011000000100011010001101000011000
0100000100010110111011111011010011000000000001011011111000100000
0011111011101001000101000000000001000001001000011101010101110000
1100000010010101110010011001000011000001000111010101100011111100
0100000000010001110110100001000001000000010000111101000000000000
1100000010100100100100000110100001000000100000100100100011110000
0100000101101100000001100100110011000001001001011101011110000000
1100000110000001010100110100010001000001011001001110010011000100
0100000001101101100101010111000011000001000110100111100111111100
0100000010110010110000100100100011000000011101111110100110110000
0011111110101101000001100100000001000001010111101101000111001100
1100000100100011111000001100000011000001001010001001000111001100
0100000000001101101100011000000000111111100100000001101001000000
0100000101010100010000110001000000111111010000101010000100000000
1100000101000101011110110111000001000000100100100010001101110000
1100000001110111110100101001000011000000110111011111111010011000
0100000100100101000010001011100001000000101000100000011010000000
0011111111110010001000011000000011000000110011100110001100001000
1100000100111101010101110000100001000001001010110010110101000100
0100000000011001111010100100000011000001000001011110001010000100
0100000101011000000101100000000010111111111001110011111111100000
1100000101001100111000010001000001000001000001100001100011101000
1100000010101101100100011010100011000000100000011111101000101000
0100000110100111011011101011101011000000100001011010011100101000
1100000110011011000110001001010001000000110011111111110011011000
0100000011100100011111011010000010111111111111100000001010000000
0011111011100101100010011000000011000000101101000101011111010000
0011111111110001010100100100000001000001011001001001110000101000
1100000010100010011110010110100011000001100111011100110000100010
1011111011001000111110010000000001000001011010111010010111000000
0100000100100010000111100011110010111110101111100010001000000000
1100000100101100001101011100110011000001000100110101011101000100
1011111101001110010010100000000001000000001101011100110001000000
0100000100110111011001111010100001000001001110011100010101011100
1100000100011100100010011010010011000001100001011101001001001000
0011111110111001111110101110000001000000111110110001000100001000
0011111101101110010100000100000001000000011111100010010001110000
0100000001111000011011010000000011000001000100000100100001011100
1100000011111101011011010110000001000000111101101100011000100000
0100000100001100110000101110010011000000000110001010100000010000
1100000100100100100110110100010011000000110110010111001111100000
0100000100101101000001100011100001000001011000010101110011001000
1100000010000001000111101001100011000001000101011101010010001000
1100000100000101100100010010010011000000101010001101000110000000
0100000101110101010100000101100001000001001111101001110110101000
1100000100101111000010000001100010111111001011001010101111000000
0011111111000001100111100110000011000001010100011101010110001000
0100000010000001011100111011000001000001000111110110111100000000
1100000010001111000001000001100001000000100000100100110011110000
0100000001111100111010010000000011000000111001101010000011110000
1100000010110101001111111100000011000000010101011111001111010000
0100000100100011100010001100010001000001000010000011011111010100
1100000101111110110100111111010010111110100101011111100110000000
0100000110010000101110110101110011000000110000010110010110001000
1100000101000010010111010011100000111101110101001011101000000000
0011111000010101101110010000000001000000101100010000101011001000
0100000100001101010110000110000000111111101101110100010001100000
1100000011110100011101000001100011000001001011000111111101010000
1011111101101001101110001000000001000000111110010100010000111000
0100000011100010001100001111100000111111110110110111001000100000
1100000010011011100101100000000011000000010001110110111100110000
1011111111110101001101111110000010111111111110001011000111000000
0100000010101000101000011010000001000000000000101110011101000000
1100000001000101110000011101000000111111101111110110001000100000
0011111101010111111001010000000000111111011001100101001110000000
1100000000111000101101011011000011000000110001111000100101100000
0100000011000111101111001011000001000000010010101001110001110000
1100000010111001001111011011000001000000110001011100011111011000
0011111111011100000111000110000011000001000000101111111100010100
0100000000010011010110100111000000111110111000001000101110000000
1100000010010110011000110011100001000000101100010010000100010000
0100000010011111001000111011000011000000100000001000100010100000
1011111111100111010010001010000000111111100101110100101010100000
1011111111100000110010111110000010111111110000011000001001100000
1100000000101000000011100100000001000000010011000101010100000000
0100000101110100011110101111110011000000110000110101011111111000
1100000110100111010100111111001001000001000111111000111000011100
0100000011111000010000001001100011000000111100001101000001101000
0100000100101001100000000101100011000000100101100011101101001000
1100000100011101001011010000010001000001010100010010110110011000
1100000100011001011011100000110011000000010011100110111000010000
0100000110101001101101010000100011000001011001010001101100101100
1100000100101011110111101000100001000001100000101001000011000100
1100000010100011001111000110100011000000001000110010011111110000
0100000011010011000010110000100011000000100101111100010010001000
0011111110010000110010000100000011000000000111101111000101100000
1100000000001110001101101001000001000001000000000010111010110100
1100000001011001111101110111000011000000001001001100100101110000
0100000010100001111110100100000010111111101110001000001001000000
1100000000011101101011010111000011000000100010001010011011101000
0100000001101111011010010010000001000001000000011001010110000000
1100000011111001000101011110000010111111100001011001001101100000
0100000010111010011111011100100011000000110001011011110001010000
0011111110000111010010010010000001000000001001100001111111010000
1011111111010011001001100000000001000000100011110000001101110000
1100000011010101011011101010000011000000100000001000110110111000
0100000101000000011011111101000010111111100111110101110110000000
1100000010101101000010110110100001000000100100011101100100010000
1100000010110110010101000111000011000000110110001001001101001000
0100000011101101001001110010000001000000110110100011010000110000
0011111111100101111001111110000001000000010010000001100010100000
1100000100010100100010001011100011000001101001010011001111001110
0100000010100111100100010000000001000001110111100001011101111000
0100000001110000001011010101000011000001100000111010100000001100
1100000001010101010010101101000001000000010110100001011010110000
1100000011101011010001011001100011000000100000001101111100001000
0100000100111101111000000100000001000001000000100111101010101000
0011111010110011110011000000000000111111000000111011001000000000
1100000101111011110010010000110011000001011101011111010100010100
0100000101011010110010001000100001000001100100000001000100111100
0100000001010000100110111111000011000000111110110010001101010000
1100000101000100010110100000000010111101110101001100111000000000
0100000001010100101001110011000010111101010101111100100000000000
0100000100001001100000011100000001000000000100000111110101010000
1100000100001101101111100001000011000000100110111001001110101000
0100000001100011000101001100000001000001001010101111010011010100
1100000010010110100100111110100011000001011000011000011110010100
0100000100011101110101000101110001000000110101101100101110101000
1100000100010011110101111110000001000000100111101110101001001000
0100000001010001010110010100000011000000101010100011101010011000
0011111011000011110001001000000011000000101100110010010100010000
1011111110000010000111100010000001000001000110100110111010101000
0100000001111111011001001111000001000000000100100001101011100000
1100000100010110001010001101000011000001011100001101110101100100
0100000100111000000100110010110001000001000110100101100110011000
1100000011110010100011110111000001000001001000000001111100001000
0000000000000000000000000000000011000001101001111000110011011110
0100000011110010100011110110100001000001001000000001111100001100
1100000100111000000100110011000001000001000110100101100110010100
0100000100010110001010001100110011000001011100001101110101100100
1100000001111111011001010000000001000000000100100001101011010000
0011111110000010000111100010000001000001000110100110111010101000
1011111011000011110001011000000011000000101100110010010100001000
1100000001010001010110010101000011000000101010100011101010011000
0100000100010011110101111101110001000000100111101110101001001000
1100000100011101110101000110000001000000110101101100101110101000
0100000010010110100100111110100011000001011000011000011110010100
1100000001100011000101001110000001000001001010101111010011010100
0100000100001101101111100000100011000000100110111001001110101000
1100000100001001100000011100100001000000000100000111110101000000
1100000001010100101001110100000010111101010101111100100000000000
0100000101000100010110011111110010111101110101001100111000000000
1100000001010000100111000000000011000000111110110010001101010000
1100000101011010110010001001000001000001100100000001000100111110
0100000101111011110010010000100011000001011101011111010100010100
1011111010110011110011001000000000111111000000111011001000000000
1100000100111101111000000100100001000001000000100111101010101000
0100000011101011010001011001000011000000100000001101111100000000
0100000001010101010010101100000001000000010110100001011011000000
1100000001110000001011010110000011000001100000111010100000001010
1100000010100111100100010000100001000001110111100001011101111000
0100000100010100100010001011010011000001101001010011001111001010
1011111111100101111010000000000001000000010010000001100010110000
1100000011101101001001110011000001000000110110100011010000110000
0100000010110110010101000110100011000000110110001001001101001000
0100000010101101000010110110000001000000100100011101100100010000
1100000101000000011011111101010010111111100111110101110110000000
0100000011010101011011101001100011000000100000001000110110111000
0011111111010011001001011110000001000000100011110000001101110000
1011111110000111010010010110000001000000001001100001111111100000
1100000010111010011111011101000011000000110001011011110001001000
0100000011111001000101011101100010111111100001011001001110000000
1100000001101111011010010100000001000001000000011001010110000000
0100000000011101101011010111000011000000100010001010011011100000
1100000010100001111110100100100010111111101110001000001001000000
0100000001011001111101110101000011000000001001001100100101110000
0100000000001110001101101000000001000001000000000010111010110100
1011111110010000110010000110000011000000000111101111000101100000
1100000011010011000010110001000011000000100101111100010010001000
0100000010100011001111000110000011000000001000110010011111110000
0100000100101011110111101000010001000001100000101001000011000100
1100000110101001101101010000101011000001011001010001101100101100
0100000100011001011011100000100011000000010011100110111000010000
0100000100011101001011010000000001000001010100010010110110010100
1100000100101001100000000101110011000000100101100011101101000000
1100000011111000010000001001100011000000111100001101000001100000
0100000110100111010100111111000001000001000111111000111000100000
1100000101110100011110110000010011000000110000110101011111111000
0100000000101000000011100010000001000000010011000101010100010000
0011111111100000110010111100000010111111110000011000001001000000
0011111111100111010010001000000000111111100101110100101010100000
1100000010011111001000111011100011000000100000001000100010100000
0100000010010110011000110010100001000000101100010010000100010000
1100000000010011010110100111000000111110111000001000101110000000
1011111111011100000111000110000011000001000000101111111100010100
0100000010111001001111011010100001000000110001011100011111100000
1100000011000111101111001011100001000000010010101001110010000000
0100000000111000101101011011000011000000110001111000100101100000
1011111101010111111001010100000000111111011001100101001111000000
0100000001000101110000011011000000111111101111110110001000100000
1100000010101000101000011010100001000000000000101110011101000000
0011111111110101001101111100000010111111111110001011000111000000
0100000010011011100101011111000011000000010001110110111100110000
1100000011100010001100010000000000111111110110110111001000100000
0011111101101001101110000100000001000000111110010100010000111000
0100000011110100011101000000100011000001001011000111111101010000
1100000100001101010110000110010000111111101101110100010001100000
1011111000010101101110010000000001000000101100010000101011001000
0100000101000010010111010011010000111101110101001011110000000000
1100000110010000101110110101111011000000110000010110010110001000
0100000101111110110100111111000010111110100101011111101000000000
1100000100100011100010001100100001000001000010000011011111011000
0100000010110101001111111100000011000000010101011111001111010000
1100000001111100111010010001000011000000111001101010000011110000
0100000010001111000001000001000001000000100000100100110011111000
1100000010000001011100111011100001000001000111110110111100000000
1011111111000001100111101000000011000001010100011101010110001000
0100000100101111000010000001010010111111001011001010101110000000
1100000101110101010100000110000001000001001111101001110110101100
0100000100000101100100010010000011000000101010001101000101111000
0100000010000001000111101000100011000001000101011101010010000100
1100000100101101000001100011110001000001011000010101110011001000
0100000100100100100110110100000011000000110110010111001111100000
1100000100001100110000101110100011000000000110001010100000010000
0100000011111101011011010101100001000000111101101100011000100000
1100000001111000011011010001000011000001000100000100100001011000
1011111101101110010100001000000001000000011111100010010010000000
1011111110111001111110110000000001000000111110110001000100010000
0100000100011100100010011010000011000001100001011101001001001000
1100000100110111011001111010110001000001001110011100010101011100
0011111101001110010010011100000001000000001101011100110001000000
0100000100101100001101011100100011000001000100110101011101000100
1100000100100010000111100100000010111110101111100010001000000000
0011111011001000111110000000000001000001011010111010010111000000
0100000010100010011110010110000011000001100111011100110000100010
1011111111110001010100100110000001000001011001001001110000101100
1011111011100101100010101000000011000000101101000101011111010000
1100000011100100011111011010100010111111111111100000001010000000
0100000110011011000110001001000001000000110011111111110011011000
1100000110100111011011101011110011000000100001011010011100101000
0100000010101101100100011010000011000000100000011111101000100000
0100000101001100111000010000110001000001000001100001100011101000
1100000101011000000101100000100010111111111001110011111111100000
1100000000011001111010100110000011000001000001011110001010000100
0100000100111101010101110000010001000001001010110010110101000100
1011111111110010001000011010000011000000110011100110001100001000
1100000100100101000010001100000001000000101000100000011010000000
0100000001110111110100101000000011000000110111011111111010011000
0100000101000101011110110110110001000000100100100010001101110000
1100000101010100010000110001100000111111010000101010000100000000
1100000000001101101100011001000000111111100100000001101000100000
0100000100100011111000001011110011000001001010001001000111001100
1011111110101101000001100110000001000001010111101101000111001100
1100000010110010110000100101000011000000011101111110100110100000
1100000001101101100101011000000011000001000110100111100111111100
0100000110000001010100110100001001000001011001001110010011001000
1100000101101100000001100101000011000001001001011101011110000000
0100000010100100100100000110000001000000100000100100100011110000
1100000000010001110110100011000001000000010000111101000000000000
0100000010010101110010011000100011000001000111010101100011111100
1011111011101001000101010000000001000001001000011101010101110000
1100000100010110111011111011100011000000000001011011111000100000
0100000100110101011001011101100011000000100011010001101000010000
0011110111000101111111100000000000111110010001010100000000000000
1100000101100101000001110100100001000001000011000100001001110000
0100000110010110100000010011111011000001000100101000011000110100
1100000101001001110001000000100010111110111001000111001110000000
0100000010011010111001010110100001000000111111101010011100100000
1100000001111011001010010101000011000000100110011111000101110000
0100000100001001111111110110100011000000011001101000101000000000
1100000100100010011011001101000001000000110011100011111011111000
0100000010010101111011010111000010111111100101110111001110000000
0011111011110100111011110000000011000000100010101110111100110000
0011111110000110010110110010000001000000000011010001000100110000
1100000001000111010101111010000001000000101110101000001001100000
1011111111010110001110110010000011000001001100000010110011110100
0100000010110011001010000111000001000001000101111100100001100100
0100000000110000011111000111000011000000110100001001100010111000
1100000101110001011111111001000001000000110101110001011010111000
0100000101000111011100100100000011000000110111010101001000100000
0100000000011111010011100010000001000000100011001011010101111000
1100000011010101110001111001000011000000100100110011111100001000
1100000010101010001101111000000001000001001011100011001010001000
0100000100101001101011011010110011000001010111001011100101110100
0100000001011101010010010001000001000000011110010110100011000000
1100000110000001010101110011110001000001000111010110001101110100
0100000011110001001101000000100011000001001010001100111111101100
0100000011101010000110100001100010111111000010110101100000000000
1100000000100011001011010011000001000000110100110101110011110000
1100000101111110101100011001110011000000001001010010001001100000
0100000110100011010101010111001000111110000100110100111000000000
1100000010101101001100001011000011000000010101000100101000010000
1100000011011101111011010100100000111111100010010000110111100000
0100000001110010010111001000000001000001000110100111110010001000
0100000000000001100001010000000011000001011101010011000100101100
0100000000001010110100110100000001000001000110010010001100100100
1100000100001010001110110111010011000000100101000010110111111000
0100000010101000110011101001100001000000111011000111000010011000
0100000001100011110111000111000011000000101001111000011000011000
1100000010010100011111011000000011000001000011111110011010000000
1100000010000011110110010110000001000001100101010101010101101100
0100000101001001111001110001110011000001000110110010010000000000
1100000101011111011011000110000011000000001011100001100001000000
0100000100111000010110000001100011000000001111101101100011100000
1100000100101001011100111011000001000001100101111110110111010000
0100000100101000101001100100010011000001101001100001110101101110
1100000100001000001110101101000001000000101111011111110010001000
0100000010111111101100001111000001000000101110110000110100010000
1100000010111001010110000110100011000000111000010100010001011000
0100000010011000011110111110100001000001000110010011010001101100
0100000000100001010100110110000011000001100011110101011001111110
1100000100111100010001000111110001000001100111001110110110110100
0100000100101000000000111100100011000001000000011110011010001100
0100000001001101110000111100000011000000101000100111110111001000
1100000101011110101000101110100001000001000001001110010100111100
0100000100011101001001001111110011000000100010110101101111110000
1011111110001111110111111000000000111111001101001001110010000000
0100000001111100110101011111000000111111111111110011010101000000
1100000101100101100111000001100011000000101010110010001100100000
0100000101111010100110010010000001000000111000110100001001000000
1100000011011100100000101100000011000000100110111010101010101000
0100000001011000011110101001000010111111011100111000011111000000
1100000100010111000101010110110001000001000110011001110001101000
0100000100110100011011101111110011000001100101010001100101001000
1011111111000000101111100000000001000001101010110110011001000010
1100000100001110001000000001010011000001011010111110110010001100
0100000100100101101001000010110001000000110101001101111110001000
1100000100001111101101001000110011000000110011110101100100111000
0100000100111011001111111010000001000001000111001000000101010000
1100000101010010010010001101000011000000101011001000110000110000
0100000011111101100000111001000011000000101000010110111100101000
1100000000111011000001101111000001000001000011101001101110000100
0100000010111101111000110101000011000000001111110001110100110000
1100000101000011011011111101010011000000010111100100111110010000
0100000101000110100001101011010001000000110011100110010110111000
1100000010110110111001001111000011000001001101101110001110000100
1100000000010100101011010000000001000001100011000000000101110100
0100000011011010101000100011100011000001011011111100100000100000
1100000000111001111110110010000001000000100111001101110101110000
1100000100111010000011111000010011000000010101001010000010100000
0100000111010101100000010100101001000001100001001101001001110100
1100000111000100101011001000010011000001110110101011011000110010
0011111111111111011110100110000001000001100011011101001111100110
0100000110110011111010011001111001000000100010010011110110000000
1100000111101110100101000011010011000001011111100101001000100100
0100000110100001101000000000100001000001000100111110011110000100
1100000010111011001100001000000001000000000110100011000001000000
1100000010011011001100111001100011000000100110001010101100001000
0100000100010001111100101001110011000000000010111000100011000000
1100000011001011110101100100000001000001000001100010100011100100
0011111100101100101100111100000011000000110010010001101011101000
0011111110111010110010000100000010111111101011111101111000100000
1011111100101101000101110100000001000000100110010001011111011000
0100000001000101000111011100000010111110011011101110100000000000
1100000011010010000000001011100011000000000111100010100000100000
0011111110011101000011000110000011000000110010000010001011100000
0100000101010000101011111010100001000001100010010110001001110110
1100000110111000011010111110110011000001001111011000010001011100
0100000110100100101101000101010011000000111100000010010010110000
1100000100101000011001010010000001000001100000001000010100101000
1100000000000010010110110100000011000000000011110100110010110000
0100000101111110111101111001010011000001010111001101001101010000
1100000110110011000010000011111001000001001101011011010100001100
0100000100101000000011110010110010111111010001110110010111000000
0100000100001111110110100110110001000000010010100100010000010000
1100000100010111011001011111010011000001010100100011010011101100
1100000100110111011100110111100001000001000100010101100110010000
0100000110110001000110000110100001000000111000010100010101010000
1100000001100010001010110110000011000001001010000100100011111000
1100000110010110010000001000110011000000100000011101100100010000
0100000101000100011101010101100001000001001110001001010011110100
0100000101010110111011011010100001000000010100011000111110010000
1100000110111001010110100011010011000001101000111010000101110100
0100000100001010101111101111100001000001100010001110001010000110
0100000010010100111000010001100011000000011101011110111100110000
0100000000000010100010010110000001000000110110111011000101001000
1100000110100000101001011000000011000001110100001000111011000010
0100000111111111111111111001101001000010000010111101011001101001
1100000111110100000010101000110011000001100111010110010010011110
0100000110010010010100110110111011000000001111111001001100010000
1100000010011111000110000100100001000001001101010001101000111000
0100000001001100100111111001000011000000111001100100011001010000
1100000101101000000000011011100001000001000100010000000001000100
0100000110111000011101000111111011000001101110000001000010110110
1100000110000100001010010001101001000010000000100000001100101000
0100000010101110100000111101100011000001101001110110101010101110
1100000010111101111011000101000011000000000010000111000010000000
0100000101000001010000010110100001000001000010110011011111100100
1100000011110010110101101011000001000001001001110100001100001100
1100000000000101001011100010000011000001111100000111000010101110
1100000001111001001111110001000001000001110000000101111110001000
0100000110111001101111011011110011000000010011111010011000000000
1100000111011000111010101111001011000000000000111010010110100000
0100000010000010111010111100000011000001000110101111011001101000
0100000110010111001110001001010001000001000110110111110101110000
1100000101110000000111001010110001000001001110001010010001101100
1100000001001100111001000101000011000001110100101000000001101110
0100000010001101101110111101000001000001011011001110000000011000
0100000101011111000011001111100001000000000010100001110100000000
1100000111000010110110101000010000111111011110110000100110000000
0100000101000101100000010011010011000001010001001110000101000100
0100000001110011011000101110000001000000110010010101110101100000
1100000010001010101110001101000001000001001000111101111011011000
1011111111110000101001111010000011000001001100101011001101000000
1100000010010010001011001000100011000000000110011011101101010000
0100000110010111111111110101011001000000101001111100101000100000
1100000110011010100101001110000001000000111101101101110001111000
0100000001100000010101010010000011000001011111110011101001111100
0100000010101100110111001011100001000001001110111011001010101000
0100000000101110000101100010000011000001000110100100111101100000
1100000100000000001011100111010001000001011011001000100011100100
1100000001101101110100011000000011000001011001100001101101011000
0100000101001011001010101010110001000000111000001011010111111000
0100000001000011010010010010000011000001000000011100100111000100
1100000111010111010001010100001001000001100100001101100000001000
0100000111010100101111000101101011000001100001111011001011010000
1100000011001111110001000011100000111111011011001011010101000000
0011111100000101000001011100000001000000110110001001000111101000
1100000101111111111111000110000001000000100010000000011001001000
0100000110111101000100001011100011000001001111100101011011101000
1100000100001001000100100110000010111110110100010000111010000000
1100000011100011111010011110100001000001011101010110000011101000
0100000010101101001011111010100011000001010001110011101101111100
0011111100101000111111100100000000111111101100011111000000100000
0011111110100111001100000110000010111111000111011010001110000000
0011111101010001100100111100000001000000101100001110000101100000
1100000101001111101101100111100011000000001100111011010001000000
0100000101011001101110011010100011000000000010010000001100000000
0100000011111011100000000110100011000000001010010101100101100000
1100000110101001110111110000011001000001001100101111101101001000
0011111001111101111111100000000011000001001011001100101111001000
0100000111011101100011001100110001000000100110010001000001010000
1100000110010000011101110101110011000000000101001101101101100000
1100000110100111110011001110011010111111100010000000100000100000
0100001000100000001001100101000001000001001111011100110011001000
1100000110110111010111001000001011000001101000001111111011111010
0100000010001101011110101101000001000001010111110010111101000000
1100000100110010000110000101000010111111001110001010111111000000
0100000111010000110000110010001011000000101110000011111100100000
1100000111000001101100101100000001000000110110110100101111110000
0100000100001000110100111000010011000001000010111111001111010100
0100000010010111110101001110100001000000101000111101011000111000
1100000100110111100100011101010001000001000010000101111010111100
0100000101010000011011101111010011000001100010111000111011100100
1100000010111110011110001110100001000000111100100000101010111000
1100000011010111000011011000000001000001000110110100100010001000
0100000100101001111001100010110011000001011010101100011010101100
1011111100100011011100001000000001000001000010101011000011101100
1100000011111100100110110110000011000000100010011000111100010000
0011111111001101010100101010000000111111100011100010100100100000
0100000100100100010111100011000001000000101001111001000100100000
1100000100101010110110100001010011000000100110011000000110001000
1011111011110110110011001000000011000001000101010010100111000100
0100000100010100111010001100100001000001101000010101110100111100
1100000011111110010101110110100011000001001101100111000100011000
0011111010000011011110110000000011000000000011000001100111010000
0100000011011010111010100011000010111111101010101101001110100000
1100000100000010011101001011110001000001001101110101110010111000
0011111110111001011110000010000011000000010110111100111011110000
0100000100000011100000001010100011000001100001111000011100001110
1100000100100111001011110010000001000001101111000100111001111110
0100000000110000010011000111000011000001011010111011110010011100
0100000001110001000110000100000001000001000110011111101010001100
0011111011011101011010111000000011000000111110111111110010101000
1100000100000011110001001100000011000000101100100110111000001000
0100000010100111111111111111000001000001101010111100000010011000
0100000100010001000111000111000011000001100000010011011110001010
1100000110011101010010000100110010111111000101011101000110000000
0100000101110001001100110011010011000000110001110111011000011000
1011110110000010010111100000000001000010000100001001000111011100
1100000101001011001000010011100011000010001111010001111100101000
0100000110000010100011111011111001000001101011100110011110010110
1100000100111100010011010110010001000000111000101111010100000000
0100000000000000010001011011000011000001000101110000000110010100
0100000100011010000011011111000010111111100001110001100001100000
1100000110001001000101110101100000111111011001001100011001000000
0100000101101110111010010101110001000000101000111001010011101000
1100000010111000001111110100100011000000000101100111000000100000
0011111110000111001010011000000011000000110100001111111010001000
1100000100001001111100110000100001000001010111001110101001000100
0100000110101011101100110000000011000001101001001110010110011000
1100000110111111100100001110011001000001101101101101100010011010
0100000100011001110010010010000011000001000110101110110001010100
0100000100110011101010001000000011000001001001100110110110001100
1100000110111000011000010011001001000001001101001011001110000100
0100000110100110011111000111110001000001000011000011111010101100
1100000101000011001001001001010011000001100101111100110111100110
0100000011011110001001001010100001000000101000111100100100001000
1100000011011100011101000011000001000001000001110010000010110100
0100000011000011111110111101100011000000100111111101010100110000
0011111100001100110110000000000001000000100111000000011110101000
1100000100100010001110101011010011000001101100001000111101100000
0100000101011001111110010110010001000001111011111100111111110100
1100000011000101101101101011100011000000110011101111001000100000
1100000011001100101110101100100011000001100111110000011110011100
0100000101001001100000001010010001000001001010111001100010001000
1100000010101000101001011011000001000001100111000111010100111110
1100000101000111001111101100010011000001110101010011110000101000
0100000111011110111011100011000001000000100101110010111011101000
1100000111010111101001011010011001000001001111001101110010101100
0100000100011001011010110001000011000000101001010010000110011000
0100000010001001111101111000100011000001000000000001011111101100
0100000010000111011100001000100001000001001101100110100011011000
1100000111000001111101110110111011000000101011110110000011000000
0100000111000001001111000011011011000001000000011000010000100100
0011111111110101101111001100000001000001110011111000011011011100
1100000110010110001001011001001011000001111101000010100101110110
1011111100010000110111101100000001000001000110110001101001000000
0100000111110011001111100101100001000001011110011111100011100000
1100000111010110011110011011001011000001011100101000001110111100
1100000011011111000001101111000011000000100100001110110111011000
0100000111010001101100100101101001000001001110101111000000110000
1100000101000011110101010011110011000000000000011100001100010000
1100000011000111010001100011100000111111001010011110000011000000
0100000010110111001010110101000011000001010011100010000100111000
1011111100100001111010101100000001000001100001001000100011100110
0100000010110001111011001011000011000001000010010101101011110100
1100000010000110011001000100100001000001010011010101001010100000
1100000101110101101110000000100011000001111011011001011011000000
0100000111010010111001001010011001000001110001110101100010110100
1100000000010110001010110111000001000001000110001111010000001100
1100000111111010100000010101000011000001111011111100000001001000
0100000111011011111101011110010001000000111101011100001010000000
0100000100101110110000110000000001000001101001001010010011001010
1100001000000011101010001101101111000001001011001110011110100000
0100000101100011001001011010000011000001100000110010110101110100
0100000100110111011101101110000001000001010101111000101100010000
1100000100000110110110101110000001000001001101101100110111000000
1100000100011111000010100111010011000001001000010111001111100100
0100000100100011000001001001000011000001100111101000011001100110
0100000011101011001100011000100001000001111011000110110110111000
1100000101011111001101011000010011000000011000101100110100000000
1011111011011101000000100000000011000001011100111011001011001000
0100000101110101000100110001000000111111111111000011100000000000
1100000101100010110001100000100001000001000010110100110100001100
0100000010101011101010101011000001000001000110011111010000101000
1011111111101001110100001100000011000001101010110100011100001110
0011111010011111000000110000000011000001000111011001111011110000
0100000011001001011110010000100001000010010001111001111100111000
1100000100101101000110001111100011000010001001000111101110001101
0100000001010011000011110111000011000000101011000100111110111000
0100000011110000010010110011000001000001110101101100010111010010
1100000001011100011110111001000011000000101001101101110101000000
1100000101100000011110101100110011000001100000000010000010000000
0100000110111010011000110101001001000001001010101010000110011100
1100000101011101110001110011010011000000010101100111100001110000
1011111011100101111110100000000001000001001110010110001101100100
0100000010101101100110111011100011000001010010111011111010111100
1100000010010011000011100011000011000000110100000011111100010000
0100000010000111101010010010100001000001100100010010001011000010
1011111011100011000110011000000011000000001101010111111010100000
1100000010110011011100000101100011000001001011010100001001000100
0011111100001110011001110100000011000000101010011110001011100000
0100000101101010110101001100000001000001110110101100101010001100
1100000101011000101011111001100011000001100101101110001010011110
1100000101111100011110110100100011000000110001010000011100010000
0100001000100000001110111010111101000000111001011010111100110000
1100000111000110010011011111101001000001011001101011000000111100
1100000100001110000000001101000011000001100111110010010011111100
0100000101000111010100000011010010111111110101001000010110000000
0100000101101100011010011101100001000001100111100000110110001000
1100000111010011110100101010111011000001011101110001011000000000
0100000001110110010111100000000001000000101010010000010100011000
0100000110100101111010001001000011000000100100000000011110011000
1100000110111001011001001111000001000000010111100011010100100000
0100000110011101010000001101011001000000101101100111100111101000
1100000110101011010011101100001011000001000111101110011000101100
0100000011101101100111101100000010111111011011111001000011000000
0100000111100110111010110110111001000001011001100000011000001000
1100001001000111100010011111001111000001100000001011110110110110
0100000111011100110011010011000001000001010010101110111101111000
0100000100001010100110111100010011000001100010000110010010011000
1100000110000101000011100010100001000001110000001111001010011100
0100000001000001000000001000000011000001100010111011110010110000
1011111100101111101101100100000011000000101101000000010100111000
0100000100101000001000111111110001000001110111100100010111011100
1100000100011101011110101011100011000001111011001000011011010010
1011111101000110100011101000000001000001000100111011111000001100
0100000001001011100110101000000001000001011011000010100010110000
0011111110100011001010110010000011000001101011000010010110010100
1011111110100110111100000110000001000001001000101010100000000100
0100000011010111001000011001000010111110101000101100101000000000
1100000111010110001111001011111001000000101100011001111100000000
0100001000001000001010110100100011000001011001001101001001001000
1011111011010000110010011000000001000000111011101011001111010000
1100001000101010110101110110000001000001001110110000101111010000
0100001000010110011000101011111111000001100111110111000001010100
0100000100010010001101010110100001000000101100101000100110011000
1100000111110000011100101101110001000001011111100101010110111000
1011111110100010111010011000000011000001101001110111110101110010
0100001000001000010010110110111001000000100000010010101111011000
1100000111001110000010101001011001000001100100011101010101101110
0100000001011010000001001001000011000001110001110001011110101110
1100000011011100001100010110000001000001001101010000111010000100
0100000110110111011100000000100001000000101110000011100010101000
1100000110100000010100110110110011000000101101100010011010000000
0100000100000001010010010011010011000001010100100010000010100100
1100000101010010101000011101110001000001111111100100001011110000
0100000110101101011110001100101011000001111111011000010011111010
1100000000000100101001110010000001000001001110010000000110010000
1100001000000110011110000010001001000001011000101100001100100000
0100001000100101101000101011111011000001110011011010001000001010
1100000101100010101011100111110001000001001100110010100111010000
1100000011111111111111000011100001000001100100001110101001000100
0011111000100000110110000000000011000001111111000010101011000100
0100000101110110101011111100010001000001010010011000111101011100
1100000100100101101011001111010001000001100010110011111000101000
1100000100011111001001011000110011000001111000000010001111110100
0100000110110001101110011010100001000001101000111000110011101000
1100000110000011001000000100011011000001011010011111110001110000
1100000000101000000111001110000001000001000101001111001011100100
0100000111000011011111100110100001000000111110001000101110111000
1100001000000100111000101100001111000001101001111110000100100100
0100000110001001010101010000111001000000110010110110110111111000
0100000100110000000000010111110001000001011011110111111101110000
1100000110100110100101010001010010111110101101100101101000000000
0100000001011101011000000100000011000010000010001010000001010100
0100000101010110101101100111010001000001110001001000101001011110
1100000010000111100110110000000001000010000010011101000011110100
1100000110010010000011010001010011000010100001010010111000101110
0100000111000001000001010011100001000001111010000100111111010010
1100000100011101011100000011100001000001101010000100111100001000
1011111111111111110011000110000011000001100111000110001110100110
1011111110000101110111010100000011000001010000111100010110111100
0100000100001010100101011100000001000001101011010100100100101000
1100000100100001110110000001000011000001000011011110011110010000
0100000011101001100111001101000010111111111010101110101101000000
1100000000100011110110100011000001000001100001000000101011010100
1100000011011111001101001000100011000010000011111000000111110100
0100000110001000011111100100101001000001101111011010110001110010
1100000101111110110001001011100001000001110000010001101101100110
0100000010000101000110101110000011000010001001000101100100110101
0011111101111111100110000100000011000001000000101010111000010100
0100000100001001101100101000100001000010010110011110111111000111
1100000110001010001011001010000011000010000010100011011100000100
0100000100010101100100110010100010111110100010011110101100000000
0100000010110101001100011100100011000001100001101011100101111110
1100000100000100010101010001110001000010001000111000010011000100
1011111110111000101011001010000011000001000010010001101010001100
0100000100000111010101110011110011000001101100100111100100000000
1100000100011011000001111101000011000001101011100110110000011010
0100000101101011000100000000100001000010011110000111111111101111
1100000110110000101110000100001001000000111101101100011010000000
0100000110001111111101001100010011000010101101101000011011001100
1011111110011101110111001100000001000001100111000110110001100110
1100000100101010100011110010000001000010110111011010101110111000
0100000011110011011010110101000011000001010100101111011011010100
1011111100001001100011000000000011000011100111111011110101011000
