01000100000000000000000000001011
11000011100111111011110101011000
11000001010100101111011011011100
01000010110111011010101110110110
01000001100111000110110001100010
11000010101101101000011011001110
01000000111101101100011001101000
01000010011110000111111111101100
11000001101011100110110000011100
11000001101100100111100100001000
11000001000010010001101010010100
01000010001000111000010011000010
11000001100001101011100110000010
10111110100010011110110000000000
11000010000010100011011100000101
01000010010110011110111111000101
11000001000000101010111000011100
11000010001001000101100100110101
01000001110000010001101101100010
01000001101111011010110001101110
11000010000011111000000111110110
01000001100001000000101011001110
10111111111010101110101110000000
11000001000011011110011110011100
01000001101011010100100100100100
11000001010000111100010111000100
11000001100111000110001110101010
01000001101010000100111100000100
01000001111010000100111111001110
11000010100001010010111000110000
01000010000010011101000011110010
01000001110001001000101001011100
11000010000010001010000001010100
10111110101101100101101000000000
01000001011011110111111101101100
01000000110010110110110111101000
11000001101001111110000100100110
01000000111110001000101110101000
01000001000101001111001011011100
11000001011010011111110001111000
01000001101000111000110011100110
11000001111000000010001111111000
01000001100010110011111000100110
01000001010010011000111101011000
11000001111111000010101011000110
01000001100100001110101001000010
01000001001100110010100111001100
11000001110011011010001000001100
01000001011000101100001100011100
01000001001110010000000110001000
11000001111111011000010011111100
01000001111111100100001011101110
11000001010100100010000010100100
11000000101101100010011010001000
01000000101110000011100010100000
01000001001101010000111010000100
11000001110001110001011110101110
01000001100100011101010101101100
01000000100000010010101111010000
11000001101001110111110101110100
01000001011111100101010110110100
01000000101100101000100110010000
11000001100111110111000001010100
01000001001110110000101111010100
01000000111011101011001111010000
11000001011001001101001001001000
01000000101100011001111100000000
10111110101000101100101010000000
01000001001000101010100000000000
11000001101011000010010110010110
01000001011011000010100010110000
01000001000100111011111000001000
11000001111011001000011011010100
01000001110111100100010111011010
11000000101101000000010100111000
11000001100010111011110010110010
01000001110000001111001010011100
11000001100010000110010010011010
01000001010010101110111101110100
11000001100000001011110110111000
01000001011001100000011000000100
10111111011011111001000100000000
11000001000111101110011000110000
01000000101101100111100111100000
01000000010111100011010100010000
11000000100100000000011110100000
01000000101010010000010100011000
11000001011101110001011000000000
01000001100111100000110110001000
10111111110101001000010110100000
11000001100111110010010100000000
01000001011001101011000000110100
01000000111001011010111100101000
11000000110001010000011100011000
11000001100101101110001010100000
01000001110110101100101010001010
11000000101010011110001011101000
11000001001011010100001001001100
11000000001101010111111010100000
01000001100100010010001011000000
11000000110100000011111100011000
11000001010010111011111011000000
01000001001110010110001101100100
11000000010101100111100010000000
01000001001010101010000110011000
11000001100000000010000010000100
11000000101001101101110101001000
01000001110101101100010111010000
11000000101011000100111111000000
11000010001001000111101110001101
01000010010001111001111100110110
11000001000111011001111011110100
11000001101010110100011100001110
01000001000110011111010000100100
01000001000010110100110100001000
00111111111111000011011111100000
11000001011100111011001011001100
11000000011000101100110100010000
01000001111011000110110110110110
11000001100111101000011001101000
11000001001000010111001111101100
01000001001101101100110110111100
01000001010101111000101100001100
11000001100000110010110101110110
11000001001011001110011110100100
01000001101001001010010011001000
01000000111101011100001001111000
11000001111011111100000001001010
01000001000110001111010000001100
01000001110001110101100010110100
11000001111011011001011011000000
01000001010011010101001010011100
11000001000010010101101011111000
01000001100001001000100011100100
11000001010011100010000100111100
00111111001010011110000010000000
11000000000000011100001100010000
01000001001110101111000000101100
11000000100100001110110111100000
11000001011100101000001110111100
01000001011110011111100011011100
01000001000110110001101001000000
11000001111101000010100101110110
01000001110011111000011011011010
11000001000000011000010000100100
11000000101011110110000011001000
01000001001101100110100011010100
11000001000000000001011111110000
11000000101001010010000110011000
01000001001111001101110010101000
01000000100101110010111011100000
11000001110101010011110000101010
01000001100111000111010100111100
01000001001010111001100010001000
11000001100111110000011110011110
11000000110011101111001000100000
01000001111011111100111111110100
11000001101100001000111101100010
01000000100111000000011110100000
11000000100111111101010100111000
01000001000001110010000010110000
01000000101000111100100100001000
11000001100101111100110111100110
01000001000011000011111010101100
01000001001101001011001110000000
11000001001001100110110110001100
11000001000110101110110001010100
01000001101101101101100010011010
11000001101001001110010110011000
01000001010111001110101001000000
11000000110100001111111010010000
11000000000101100111000000110000
01000000101000111001010011100000
00111111011001001100011000000000
10111111100001110001100001100000
11000001000101110000000110011000
01000000111000101111010100000000
01000001101011100110011110010110
11000010001111010001111100100111
01000010000100001001000111011100
11000000110001110111011000100000
10111111000101011101000110000000
11000001100000010011011110001100
01000001101010111100000010010100
11000000101100100110111000001000
11000000111110111111110010110000
01000001000110011111101010001100
11000001011010111011110010011100
01000001101111000100111001111110
11000001100001111000011100001110
11000000010110111100111011110000
01000001001101110101110010111000
10111111101010101101001110100000
11000000000011000001100111010000
11000001001101100111000100011100
01000001101000010101110100111010
11000001000101010010100111001000
11000000100110011000000110001000
01000000101001111001000100100000
00111111100011100010100100100000
11000000100010011000111100010000
01000001000010101011000011101100
11000001011010101100011010101100
01000001000110110100100010001000
01000000111100100000101010110000
11000001100010111000111011100110
01000001000010000101111010111100
01000000101000111101011000111000
11000001000010111111001111011000
01000000110110110100101111110000
11000000101110000011111100101000
10111111001110001011000000000000
01000001010111110010111101000000
11000001101000001111111011111010
01000001001111011100110011000100
10111111100010000000100000100000
11000000000101001101101101110000
01000000100110010001000001001000
11000001001011001100101111001000
01000001001100101111101101000100
11000000001010010101100101100000
11000000000010010000001100010000
11000000001100111011010001010000
01000000101100001110000101101000
10111111000111011010001110000000
00111111101100011111000000100000
11000001010001110011101101111100
01000001011101010110000011100100
10111110110100010000111010000000
11000001001111100101011011101000
01000000100010000000011001001000
01000000110110001001000111110000
00111111011011001011010101000000
11000001100001111011001011010000
01000001100100001101100000000110
11000001000000011100100111001000
01000000111000001011010111110000
11000001011001100001101101011000
01000001011011001000100011100000
11000001000110100100111101100100
01000001001110111011001010101000
11000001011111110011101001111100
01000000111101101101110001111000
01000000101001111100101000100000
11000000000110011011101101010000
11000001001100101011001100111100
01000001001000111101111011011000
01000000110010010101110101100000
11000001010001001110000101000100
00111111011110110000100110000000
01000000000010100001110100000000
01000001011011001110000000011000
11000001110100101000000001110000
01000001001110001010010001101100
01000001000110110111110101110000
11000001000110101111011001101100
11000000000000111010010110100000
11000000010011111010010111110000
01000001110000000101111110001000
11000001111100000111000010101100
01000001001001110100001100010000
01000001000010110011011111100100
11000000000010000111000010000000
11000001101001110110101010101110
01000010000000100000001100101000
11000001101110000001000010110110
01000001000100010000000001000100
11000000111001100100011001010000
01000001001101010001101000111000
11000000001111111001001100010000
11000001100111010110010010011110
01000010000010111101011001101001
11000001110100001000111011000000
01000000110110111011000101000000
11000000011101011110111100100000
01000001100010001110001010000110
11000001101000111010000101110010
01000000010100011000111110010000
01000001001110001001010011110100
11000000100000011101100100010000
11000001001010000100100011111000
01000000111000010100010101010000
01000001000100010101100110010100
11000001010100100011010011101000
01000000010010100100010000010000
10111111010001110110010110000000
01000001001101011011010100001100
11000001010111001101001101010000
11000000000011110100110010110000
01000001100000001000010100101000
11000000111100000010010010101000
11000001001111011000010001011100
01000001100010010110001001110100
11000000110010000010001011101000
11000000000111100010100000100000
10111110011011101110100000000000
01000000100110010001011111011000
10111111101011111101111000100000
11000000110010010001101011101000
01000001000001100010100011101000
11000000000010111000100011000000
11000000100110001010101100001000
01000000000110100011000001000000
01000001000100111110011110000000
11000001011111100101001000100100
01000000100010010011110110000000
01000001100011011101001111100110
11000001110110101011011000110010
01000001100001001101001001110100
11000000010101001010000010100000
01000000100111001101110101110000
11000001011011111100100000100000
01000001100011000000000101110100
11000001001101101110001110001000
01000000110011100110010110111000
11000000010111100100111110000000
11000000001111110001110100110000
01000001000011101001101110000100
11000000101000010110111100101000
11000000101011001000110000101000
01000001000111001000000101010100
11000000110011110101100100111000
01000000110101001101111110001000
11000001011010111110110010001100
01000001101010110110011001000010
11000001100101010001100101001000
01000001000110011001110001100100
10111111011100111000011111000000
11000000100110111010101010101000
01000000111000110100001001001000
11000000101010110010001100101000
00111111111111110011010101000000
00111111001101001001110010000000
11000000100010110101101111110000
01000001000001001110010100111100
11000000101000100111110111001000
11000001000000011110011010001000
01000001100111001110110110110010
11000001100011110101011001111110
01000001000110010011010001101100
11000000111000010100010001011000
01000000101110110000110100010000
01000000101111011111110010001000
11000001101001100001110101110000
01000001100101111110110111010000
11000000001111101101100011100000
11000000001011100001100000110000
11000001000110110010010000000100
01000001100101010101010101101100
11000001000011111110011010000000
11000000101001111000011000011000
01000000111011000111000010011000
11000000100101000010110111111000
01000001000110010010001100100100
11000001011101010011000100101100
01000001000110100111110010001000
00111111100010010000110111000000
11000000010101000100101000000000
00111110000100110100111000000000
11000000001001010010001001100000
01000000110100110101110011110000
10111111000010110101100000000000
11000001001010001100111111110000
01000001000111010110001101110000
01000000011110010110100011000000
11000001010111001011100101111000
01000001001011100011001010001000
11000000100100110011111100001000
01000000100011001011010101111000
11000000110111010101001000100000
01000000110101110001011010111000
11000000110100001001100010111000
01000001000101111100100001100100
11000001001100000010110011111000
01000000101110101000001001100000
01000000000011010001000100100000
11000000100010101110111100110000
10111111100101110111001110100000
01000000110011100011111011110000
11000000011001101000101000000000
11000000100110011111000101110000
01000000111111101010011100100000
10111110111001000111001110000000
11000001000100101000011000111000
01000001000011000100001001110000
00111110010001010100000000000000
11000000100011010001101000011000
11000000000001011011111000100000
01000001001000011101010101110000
11000001000111010101100011111100
01000000010000111101000000000000
01000000100000100100100011110000
11000001001001011101011110000000
01000001011001001110010011000100
11000001000110100111100111111100
11000000011101111110100110110000
01000001010111101101000111001100
11000001001010001001000111001100
00111111100100000001101001000000
00111111010000101010000100000000
01000000100100100010001101110000
11000000110111011111111010011000
01000000101000100000011010000000
11000000110011100110001100001000
01000001001010110010110101000100
11000001000001011110001010000100
10111111111001110011111111100000
01000001000001100001100011101000
11000000100000011111101000101000
11000000100001011010011100101000
01000000110011111111110011011000
10111111111111100000001010000000
11000000101101000101011111010000
01000001011001001001110000101000
11000001100111011100110000100010
01000001011010111010010111000000
10111110101111100010001000000000
11000001000100110101011101000100
01000000001101011100110001000000
01000001001110011100010101011100
11000001100001011101001001001000
01000000111110110001000100001000
01000000011111100010010001110000
11000001000100000100100001011100
01000000111101101100011000100000
11000000000110001010100000010000
11000000110110010111001111100000
01000001011000010101110011001000
11000001000101011101010010001000
11000000101010001101000110000000
01000001001111101001110110101000
10111111001011001010101111000000
11000001010100011101010110001000
01000001000111110110111100000000
01000000100000100100110011110000
11000000111001101010000011110000
11000000010101011111001111010000
01000001000010000011011111010100
10111110100101011111100110000000
11000000110000010110010110001000
00111101110101001011101000000000
01000000101100010000101011001000
00111111101101110100010001100000
11000001001011000111111101010000
01000000111110010100010000111000
00111111110110110111001000100000
11000000010001110110111100110000
10111111111110001011000111000000
01000000000000101110011101000000
00111111101111110110001000100000
00111111011001100101001110000000
11000000110001111000100101100000
01000000010010101001110001110000
01000000110001011100011111011000
11000001000000101111111100010100
00111110111000001000101110000000
01000000101100010010000100010000
11000000100000001000100010100000
00111111100101110100101010100000
10111111110000011000001001100000
01000000010011000101010100000000
11000000110000110101011111111000
01000001000111111000111000011100
11000000111100001101000001101000
11000000100101100011101101001000
01000001010100010010110110011000
11000000010011100110111000010000
11000001011001010001101100101100
01000001100000101001000011000100
11000000001000110010011111110000
11000000100101111100010010001000
11000000000111101111000101100000
01000001000000000010111010110100
11000000001001001100100101110000
10111111101110001000001001000000
11000000100010001010011011101000
01000001000000011001010110000000
10111111100001011001001101100000
11000000110001011011110001010000
01000000001001100001111111010000
01000000100011110000001101110000
11000000100000001000110110111000
10111111100111110101110110000000
01000000100100011101100100010000
11000000110110001001001101001000
01000000110110100011010000110000
01000000010010000001100010100000
11000001101001010011001111001110
01000001110111100001011101111000
11000001100000111010100000001100
01000000010110100001011010110000
11000000100000001101111100001000
01000001000000100111101010101000
00111111000000111011001000000000
11000001011101011111010100010100
01000001100100000001000100111100
11000000111110110010001101010000
10111101110101001100111000000000
10111101010101111100100000000000
01000000000100000111110101010000
11000000100110111001001110101000
01000001001010101111010011010100
11000001011000011000011110010100
01000000110101101100101110101000
01000000100111101110101001001000
11000000101010100011101010011000
11000000101100110010010100010000
01000001000110100110111010101000
01000000000100100001101011100000
11000001011100001101110101100100
01000001000110100101100110011000
01000001001000000001111100001000
11000001101001111000110011011110
01000001001000000001111100001100
01000001000110100101100110010100
11000001011100001101110101100100
01000000000100100001101011010000
01000001000110100110111010101000
11000000101100110010010100001000
11000000101010100011101010011000
01000000100111101110101001001000
01000000110101101100101110101000
11000001011000011000011110010100
01000001001010101111010011010100
11000000100110111001001110101000
01000000000100000111110101000000
10111101010101111100100000000000
10111101110101001100111000000000
11000000111110110010001101010000
01000001100100000001000100111110
11000001011101011111010100010100
00111111000000111011001000000000
01000001000000100111101010101000
11000000100000001101111100000000
01000000010110100001011011000000
11000001100000111010100000001010
01000001110111100001011101111000
11000001101001010011001111001010
01000000010010000001100010110000
01000000110110100011010000110000
11000000110110001001001101001000
01000000100100011101100100010000
10111111100111110101110110000000
11000000100000001000110110111000
01000000100011110000001101110000
01000000001001100001111111100000
11000000110001011011110001001000
10111111100001011001001110000000
01000001000000011001010110000000
11000000100010001010011011100000
10111111101110001000001001000000
11000000001001001100100101110000
01000001000000000010111010110100
11000000000111101111000101100000
11000000100101111100010010001000
11000000001000110010011111110000
01000001100000101001000011000100
11000001011001010001101100101100
11000000010011100110111000010000
01000001010100010010110110010100
11000000100101100011101101000000
11000000111100001101000001100000
01000001000111111000111000100000
11000000110000110101011111111000
01000000010011000101010100010000
10111111110000011000001001000000
00111111100101110100101010100000
11000000100000001000100010100000
01000000101100010010000100010000
00111110111000001000101110000000
11000001000000101111111100010100
01000000110001011100011111100000
01000000010010101001110010000000
11000000110001111000100101100000
00111111011001100101001111000000
00111111101111110110001000100000
01000000000000101110011101000000
10111111111110001011000111000000
11000000010001110110111100110000
00111111110110110111001000100000
01000000111110010100010000111000
11000001001011000111111101010000
00111111101101110100010001100000
01000000101100010000101011001000
00111101110101001011110000000000
11000000110000010110010110001000
10111110100101011111101000000000
01000001000010000011011111011000
11000000010101011111001111010000
11000000111001101010000011110000
01000000100000100100110011111000
01000001000111110110111100000000
11000001010100011101010110001000
10111111001011001010101110000000
01000001001111101001110110101100
11000000101010001101000101111000
11000001000101011101010010000100
01000001011000010101110011001000
11000000110110010111001111100000
11000000000110001010100000010000
01000000111101101100011000100000
11000001000100000100100001011000
01000000011111100010010010000000
01000000111110110001000100010000
11000001100001011101001001001000
01000001001110011100010101011100
01000000001101011100110001000000
11000001000100110101011101000100
10111110101111100010001000000000
01000001011010111010010111000000
11000001100111011100110000100010
01000001011001001001110000101100
11000000101101000101011111010000
10111111111111100000001010000000
01000000110011111111110011011000
11000000100001011010011100101000
11000000100000011111101000100000
01000001000001100001100011101000
10111111111001110011111111100000
11000001000001011110001010000100
01000001001010110010110101000100
11000000110011100110001100001000
01000000101000100000011010000000
11000000110111011111111010011000
01000000100100100010001101110000
00111111010000101010000100000000
00111111100100000001101000100000
11000001001010001001000111001100
01000001010111101101000111001100
11000000011101111110100110100000
11000001000110100111100111111100
01000001011001001110010011001000
11000001001001011101011110000000
01000000100000100100100011110000
01000000010000111101000000000000
11000001000111010101100011111100
01000001001000011101010101110000
11000000000001011011111000100000
11000000100011010001101000010000
00111110010001010100000000000000
01000001000011000100001001110000
11000001000100101000011000110100
10111110111001000111001110000000
01000000111111101010011100100000
11000000100110011111000101110000
11000000011001101000101000000000
01000000110011100011111011111000
10111111100101110111001110000000
11000000100010101110111100110000
01000000000011010001000100110000
01000000101110101000001001100000
11000001001100000010110011110100
01000001000101111100100001100100
11000000110100001001100010111000
01000000110101110001011010111000
11000000110111010101001000100000
01000000100011001011010101111000
11000000100100110011111100001000
01000001001011100011001010001000
11000001010111001011100101110100
01000000011110010110100011000000
01000001000111010110001101110100
11000001001010001100111111101100
10111111000010110101100000000000
01000000110100110101110011110000
11000000001001010010001001100000
00111110000100110100111000000000
11000000010101000100101000010000
00111111100010010000110111100000
01000001000110100111110010001000
11000001011101010011000100101100
01000001000110010010001100100100
11000000100101000010110111111000
01000000111011000111000010011000
11000000101001111000011000011000
11000001000011111110011010000000
01000001100101010101010101101100
11000001000110110010010000000000
11000000001011100001100001000000
11000000001111101101100011100000
01000001100101111110110111010000
11000001101001100001110101101110
01000000101111011111110010001000
01000000101110110000110100010000
11000000111000010100010001011000
01000001000110010011010001101100
11000001100011110101011001111110
01000001100111001110110110110100
11000001000000011110011010001100
11000000101000100111110111001000
01000001000001001110010100111100
11000000100010110101101111110000
00111111001101001001110010000000
00111111111111110011010101000000
11000000101010110010001100100000
01000000111000110100001001000000
11000000100110111010101010101000
10111111011100111000011111000000
01000001000110011001110001101000
11000001100101010001100101001000
01000001101010110110011001000010
11000001011010111110110010001100
01000000110101001101111110001000
11000000110011110101100100111000
01000001000111001000000101010000
11000000101011001000110000110000
11000000101000010110111100101000
01000001000011101001101110000100
11000000001111110001110100110000
11000000010111100100111110010000
01000000110011100110010110111000
11000001001101101110001110000100
01000001100011000000000101110100
11000001011011111100100000100000
01000000100111001101110101110000
11000000010101001010000010100000
01000001100001001101001001110100
11000001110110101011011000110010
01000001100011011101001111100110
01000000100010010011110110000000
11000001011111100101001000100100
01000001000100111110011110000100
01000000000110100011000001000000
11000000100110001010101100001000
11000000000010111000100011000000
01000001000001100010100011100100
11000000110010010001101011101000
10111111101011111101111000100000
01000000100110010001011111011000
10111110011011101110100000000000
11000000000111100010100000100000
11000000110010000010001011100000
01000001100010010110001001110110
11000001001111011000010001011100
11000000111100000010010010110000
01000001100000001000010100101000
11000000000011110100110010110000
11000001010111001101001101010000
01000001001101011011010100001100
10111111010001110110010111000000
01000000010010100100010000010000
11000001010100100011010011101100
01000001000100010101100110010000
01000000111000010100010101010000
11000001001010000100100011111000
11000000100000011101100100010000
01000001001110001001010011110100
01000000010100011000111110010000
11000001101000111010000101110100
01000001100010001110001010000110
11000000011101011110111100110000
01000000110110111011000101001000
11000001110100001000111011000010
01000010000010111101011001101001
11000001100111010110010010011110
11000000001111111001001100010000
01000001001101010001101000111000
11000000111001100100011001010000
01000001000100010000000001000100
11000001101110000001000010110110
01000010000000100000001100101000
11000001101001110110101010101110
11000000000010000111000010000000
01000001000010110011011111100100
01000001001001110100001100001100
11000001111100000111000010101110
01000001110000000101111110001000
11000000010011111010011000000000
11000000000000111010010110100000
11000001000110101111011001101000
01000001000110110111110101110000
01000001001110001010010001101100
11000001110100101000000001101110
01000001011011001110000000011000
01000000000010100001110100000000
00111111011110110000100110000000
11000001010001001110000101000100
01000000110010010101110101100000
01000001001000111101111011011000
11000001001100101011001101000000
11000000000110011011101101010000
01000000101001111100101000100000
01000000111101101101110001111000
11000001011111110011101001111100
01000001001110111011001010101000
11000001000110100100111101100000
01000001011011001000100011100100
11000001011001100001101101011000
01000000111000001011010111111000
11000001000000011100100111000100
01000001100100001101100000001000
11000001100001111011001011010000
00111111011011001011010101000000
01000000110110001001000111101000
01000000100010000000011001001000
11000001001111100101011011101000
10111110110100010000111010000000
01000001011101010110000011101000
11000001010001110011101101111100
00111111101100011111000000100000
10111111000111011010001110000000
01000000101100001110000101100000
11000000001100111011010001000000
11000000000010010000001100000000
11000000001010010101100101100000
01000001001100101111101101001000
11000001001011001100101111001000
01000000100110010001000001010000
11000000000101001101101101100000
10111111100010000000100000100000
01000001001111011100110011001000
11000001101000001111111011111010
01000001010111110010111101000000
10111111001110001010111111000000
11000000101110000011111100100000
01000000110110110100101111110000
11000001000010111111001111010100
01000000101000111101011000111000
01000001000010000101111010111100
11000001100010111000111011100100
01000000111100100000101010111000
01000001000110110100100010001000
11000001011010101100011010101100
01000001000010101011000011101100
11000000100010011000111100010000
00111111100011100010100100100000
01000000101001111001000100100000
11000000100110011000000110001000
11000001000101010010100111000100
01000001101000010101110100111100
11000001001101100111000100011000
11000000000011000001100111010000
10111111101010101101001110100000
01000001001101110101110010111000
11000000010110111100111011110000
11000001100001111000011100001110
01000001101111000100111001111110
11000001011010111011110010011100
01000001000110011111101010001100
11000000111110111111110010101000
11000000101100100110111000001000
01000001101010111100000010011000
11000001100000010011011110001010
10111111000101011101000110000000
11000000110001110111011000011000
01000010000100001001000111011100
11000010001111010001111100101000
01000001101011100110011110010110
01000000111000101111010100000000
11000001000101110000000110010100
10111111100001110001100001100000
00111111011001001100011001000000
01000000101000111001010011101000
11000000000101100111000000100000
11000000110100001111111010001000
01000001010111001110101001000100
11000001101001001110010110011000
01000001101101101101100010011010
11000001000110101110110001010100
11000001001001100110110110001100
01000001001101001011001110000100
01000001000011000011111010101100
11000001100101111100110111100110
01000000101000111100100100001000
01000001000001110010000010110100
11000000100111111101010100110000
01000000100111000000011110101000
11000001101100001000111101100000
01000001111011111100111111110100
11000000110011101111001000100000
11000001100111110000011110011100
01000001001010111001100010001000
01000001100111000111010100111110
11000001110101010011110000101000
01000000100101110010111011101000
01000001001111001101110010101100
11000000101001010010000110011000
11000001000000000001011111101100
01000001001101100110100011011000
11000000101011110110000011000000
11000001000000011000010000100100
01000001110011111000011011011100
11000001111101000010100101110110
01000001000110110001101001000000
01000001011110011111100011100000
11000001011100101000001110111100
11000000100100001110110111011000
01000001001110101111000000110000
11000000000000011100001100010000
00111111001010011110000011000000
11000001010011100010000100111000
01000001100001001000100011100110
11000001000010010101101011110100
01000001010011010101001010100000
11000001111011011001011011000000
01000001110001110101100010110100
01000001000110001111010000001100
11000001111011111100000001001000
01000000111101011100001010000000
01000001101001001010010011001010
11000001001011001110011110100000
11000001100000110010110101110100
01000001010101111000101100010000
01000001001101101100110111000000
11000001001000010111001111100100
11000001100111101000011001100110
01000001111011000110110110111000
11000000011000101100110100000000
11000001011100111011001011001000
00111111111111000011100000000000
01000001000010110100110100001100
01000001000110011111010000101000
11000001101010110100011100001110
11000001000111011001111011110000
01000010010001111001111100111000
11000010001001000111101110001101
11000000101011000100111110111000
01000001110101101100010111010010
11000000101001101101110101000000
11000001100000000010000010000000
01000001001010101010000110011100
11000000010101100111100001110000
01000001001110010110001101100100
11000001010010111011111010111100
11000000110100000011111100010000
01000001100100010010001011000010
11000000001101010111111010100000
11000001001011010100001001000100
11000000101010011110001011100000
01000001110110101100101010001100
11000001100101101110001010011110
11000000110001010000011100010000
01000000111001011010111100110000
01000001011001101011000000111100
11000001100111110010010011111100
10111111110101001000010110000000
01000001100111100000110110001000
11000001011101110001011000000000
01000000101010010000010100011000
11000000100100000000011110011000
01000000010111100011010100100000
01000000101101100111100111101000
11000001000111101110011000101100
10111111011011111001000011000000
01000001011001100000011000001000
11000001100000001011110110110110
01000001010010101110111101111000
11000001100010000110010010011000
01000001110000001111001010011100
11000001100010111011110010110000
11000000101101000000010100111000
01000001110111100100010111011100
11000001111011001000011011010010
01000001000100111011111000001100
01000001011011000010100010110000
11000001101011000010010110010100
01000001001000101010100000000100
10111110101000101100101000000000
01000000101100011001111100000000
11000001011001001101001001001000
01000000111011101011001111010000
01000001001110110000101111010000
11000001100111110111000001010100
01000000101100101000100110011000
01000001011111100101010110111000
11000001101001110111110101110010
01000000100000010010101111011000
01000001100100011101010101101110
11000001110001110001011110101110
01000001001101010000111010000100
01000000101110000011100010101000
11000000101101100010011010000000
11000001010100100010000010100100
01000001111111100100001011110000
11000001111111011000010011111010
01000001001110010000000110010000
01000001011000101100001100100000
11000001110011011010001000001010
01000001001100110010100111010000
01000001100100001110101001000100
11000001111111000010101011000100
01000001010010011000111101011100
01000001100010110011111000101000
11000001111000000010001111110100
01000001101000111000110011101000
11000001011010011111110001110000
01000001000101001111001011100100
01000000111110001000101110111000
11000001101001111110000100100100
01000000110010110110110111111000
01000001011011110111111101110000
10111110101101100101101000000000
11000010000010001010000001010100
01000001110001001000101001011110
01000010000010011101000011110100
11000010100001010010111000101110
01000001111010000100111111010010
01000001101010000100111100001000
11000001100111000110001110100110
11000001010000111100010110111100
01000001101011010100100100101000
11000001000011011110011110010000
10111111111010101110101101000000
01000001100001000000101011010100
11000010000011111000000111110100
01000001101111011010110001110010
01000001110000010001101101100110
11000010001001000101100100110101
11000001000000101010111000010100
01000010010110011110111111000111
11000010000010100011011100000100
10111110100010011110101100000000
11000001100001101011100101111110
01000010001000111000010011000100
11000001000010010001101010001100
11000001101100100111100100000000
11000001101011100110110000011010
01000010011110000111111111101111
01000000111101101100011010000000
11000010101101101000011011001100
01000001100111000110110001100110
01000010110111011010101110111000
11000001010100101111011011010100
11000011100111111011110101011000
