-0.568504
-0.822270
-0.638139
-0.970196
-0.853849
-0.780668
-0.982403
-0.944841
-0.636307
-0.640963
-0.822055
-0.862674
-0.632586
-0.707137
-0.964030
-0.975036
-0.935200
-0.874655
-0.931762
-0.962165
-0.511731
-0.530247
-0.787341
-0.629212
-0.849162
-0.512448
-0.901056
-0.861503
-0.785831
-0.954211
-0.526916
-0.985779
-0.593819
-0.710871
-0.682974
-0.623166
-0.635615
-0.906863
-0.576046
-0.525975
-0.713259
-0.550343
-0.821258
-0.760549
-0.788986
-0.802049
-0.570881
-0.838889
-0.856081
-0.683565
-0.873145
-0.934632
-0.968998
-0.584674
-0.667672
-0.947494
-0.741081
-0.950766
-0.578961
-0.712205
-0.972225
-0.735551
-0.926820
-0.686280
-0.913977
-0.544063
-0.998688
-0.715427
-0.928726
-0.909243
-0.931437
-0.541110
-0.727245
-0.914329
-0.802065
-0.885097
-0.932470
-0.519208
-0.685465
-0.676839
-0.758186
-0.588678
-0.951886
-0.708371
-0.925597
-0.642112
-0.760286
-0.721551
-0.646126
-0.788707
-0.933423
-0.779794
-0.556628
-0.561166
-0.803944
-0.814435
-0.670925
-0.747133
-0.781143
-0.775378
-0.875714
-0.941567
-0.610580
-0.857369
-0.548228
-0.729290
-0.722105
-0.944428
-0.987827
-0.910272
-0.520530
-0.982988
-0.719244
-0.691902
-0.691710
-0.533964
-0.894391
-0.766867
-0.893476
-0.901281
-0.666021
-0.529675
-0.941766
-0.934613
-0.763016
-0.708163
-0.686316
-0.656560
-0.650312
-0.965691
-0.652702
-0.551748
-0.732546
-0.764560
-0.651201
-0.943010
-0.526750
-0.988078
-0.554086
-0.988749
-0.618192
-0.773237
-0.627799
-0.969369
-0.798366
-0.866216
-0.940088
-0.831104
-0.925691
-0.662923
-0.679764
-0.566600
-0.800608
-0.985559
-0.601102
-0.712326
-0.565996
-0.960650
-0.675939
-0.979370
-0.806046
-0.639865
-0.820469
-0.986524
-0.779472
-0.709386
-0.921740
-0.527277
-0.512176
-0.607102
-0.603070
-0.965065
-0.923363
-0.809112
-0.604138
-0.986763
-0.610879
-0.778624
-0.509284
-0.595605
-0.552189
-0.972269
-0.987992
-0.702116
-0.519749
-0.916153
-0.720484
-0.716636
-0.562733
-0.792807
-0.754255
-0.607514
-0.581584
-0.552380
-0.889830
-0.976299
-0.923093
-0.659050
-0.849181
-0.633901
-0.577186
-0.735487
-0.958595
-0.782611
-0.708403
-0.904331
-0.554434
-0.974937
-0.501378
-0.524771
-0.784326
-0.786829
-0.657216
-0.991486
-0.905176
-0.815352
-0.901582
-0.593052
-0.862812
-0.844410
-0.662256
-0.641798
-0.755281
-0.748053
-0.535570
-0.589839
-0.989747
-0.684646
-0.867505
-0.882070
-0.883750
-0.546281
-0.752836
-0.817335
-0.866666
-0.719311
-0.522829
-0.627103
-0.502586
-0.765367
-0.850280
-0.974083
-0.670703
-0.721851
-0.846373
-0.926689
-0.992162
-0.783785
-0.573305
-0.630735
-0.568724
-0.816168
-0.931114
-0.661855
-0.919768
-0.660269
-0.577198
-0.523108
-0.850135
-0.897010
-0.813238
-0.758427
-0.766841
-0.821300
-0.692492
-0.867256
-0.790844
-0.780029
-0.677707
-0.519655
-0.796992
-0.772579
-0.901826
-0.859168
-0.712272
-0.630535
-0.579574
-0.649749
-0.519990
-0.666678
-0.955299
-0.677787
-0.841865
-0.936288
-0.557175
-0.969622
-0.504901
-0.873234
-0.739654
-0.765165
-0.697356
-0.616018
-0.793462
-0.590944
-0.526842
-0.541401
-0.946752
-0.960109
-0.592726
-0.657118
-0.744766
-0.703727
-0.937408
-0.795614
-0.676632
-0.806714
-0.604982
-0.538114
-0.691790
-0.751182
-0.963890
-0.950880
-0.566819
-0.634707
-0.918993
-0.631799
-0.847998
-0.924751
-0.795590
-0.687367
-0.507359
-0.790895
-0.832258
-0.618553
-0.856828
-0.714556
-0.771213
-0.683177
-0.781484
-0.516149
-0.575890
-0.682380
-0.998296
-0.737216
-0.580316
-0.694575
-0.861262
-0.734246
-0.531708
-0.961418
-0.742848
-0.758214
-0.855875
-0.979994
-0.822053
-0.996238
-0.867625
-0.925217
-0.515319
-0.944173
-0.812522
-0.850731
-0.529709
-0.600219
-0.735733
-0.808534
-0.744623
-0.814927
-0.530332
-0.717982
-0.686042
-0.532539
-0.703019
-0.638266
-0.521016
-0.919563
-0.540271
-0.651339
-0.818728
-0.582729
-0.912720
-0.512061
-0.738589
-0.823227
-0.899251
-0.792171
-0.697268
-0.824755
-0.787746
-0.742439
-0.953263
-0.878280
-0.736540
-0.719910
-0.782014
-0.746314
-0.894041
-0.950591
-0.983684
-0.846900
-0.609150
-0.502970
-0.844219
-0.785068
-0.557512
-0.579347
-0.685243
-0.855325
-0.928121
-0.575903
-0.810418
-0.604949
-0.752176
-0.790916
-0.870275
-0.691070
-0.634023
-0.621360
-0.890394
-0.795537
-0.771942
-0.738411
-0.833374
-0.963246
-0.877415
-0.611570
-0.899308
-0.891926
-0.704682
-0.703763
-0.724796
-0.660466
-0.850518
-0.502564
-0.534630
-0.739632
-0.917156
-0.735024
-0.535252
-0.722163
-0.514011
-0.624493
-0.762968
-0.676980
-0.565744
-0.502984
-0.562210
-0.882127
-0.689552
-0.646224
-0.792400
-0.668561
-0.855847
-0.939921
-0.744316
-0.543387
-0.949551
-0.827722
-0.513069
-0.909130
-0.642911
-0.807477
-0.994944
-0.553113
-0.761815
-0.620409
-0.590140
-0.768022
-0.757368
-0.758023
-0.935847
-0.862759
-0.632540
-0.522594
-0.613109
-0.912850
-0.694236
-0.710564
-0.673947
-0.870925
-0.695696
-0.916627
-0.971327
-0.710152
-0.996281
-0.747838
-0.618997
-0.862357
-0.969833
-0.688297
-0.785099
-0.922630
-0.701749
-0.521721
-0.888968
-0.876379
-0.539584
-0.866170
-0.607405
-0.989542
-0.893596
-0.540466
-0.841131
-0.756250
-0.844449
-0.989571
-0.796282
-0.916952
-0.876789
-0.761010
-0.710885
-0.629776
-0.698165
-0.923075
-0.716024
-0.825853
-0.943737
-0.546147
-0.530377
-0.979330
-0.625001
-0.841870
-0.571975
-0.523926
-0.527426
-0.973523
-0.737728
-0.651933
-0.746185
-0.961354
-0.647632
-0.877621
-0.852198
-0.692090
-0.973067
-0.847571
-0.629247
-0.655088
-0.502844
-0.824496
-0.928858
-0.678655
-0.541158
-0.902198
-0.643422
-0.518528
-0.610959
-0.750609
-0.897763
-0.518101
-0.733830
-0.629235
-0.821306
-0.786445
-0.997277
-0.605534
-0.508486
-0.717975
-0.949022
-0.581171
-0.895246
-0.583029
-0.997754
-0.949987
-0.998702
-0.961116
-0.795952
-0.642542
-0.664533
-0.726293
-0.978244
-0.921341
-0.535074
-0.871627
-0.678100
-0.926572
-0.519528
-0.671255
-0.784435
-0.875392
-0.752222
-0.919795
-0.653505
-0.706672
-0.850344
-0.855524
-0.942000
-0.714795
-0.726728
-0.667820
-0.759501
-0.605577
-0.726485
-0.975722
-0.803822
-0.507872
-0.717027
-0.556586
-0.612323
-0.765085
-0.704227
-0.550108
-0.615314
-0.911083
-0.502638
-0.891884
-0.891838
-0.885643
-0.802096
-0.824778
-0.928788
-0.792211
-0.964256
-0.529337
-0.599087
-0.910486
-0.732561
-0.601837
-0.966035
-0.580254
-0.605704
-0.678431
-0.658655
-0.725581
-0.924662
-0.984990
-0.999423
-0.524188
-0.717825
-0.905437
-0.610705
-0.908750
-0.596235
-0.523562
-0.814742
-0.622780
-0.697770
-0.856229
-0.569185
-0.829298
-0.762601
-0.664535
-0.639548
-0.561017
-0.807064
-0.778727
-0.651312
-0.698373
-0.665474
-0.914651
-0.732760
-0.750158
-0.812837
-0.675269
-0.977142
-0.861902
-0.651177
-0.781064
-0.718827
-0.650030
-0.651100
-0.660388
-0.960163
-0.887098
-0.796717
-0.605281
-0.833292
-0.593346
-0.540212
-0.895022
-0.774748
-0.780523
-0.834608
-0.591630
-0.665027
-0.992024
-0.972846
-0.843549
-0.555947
-0.634082
-0.665821
-0.914352
-0.752027
-0.798463
-0.672872
-0.794876
-0.560306
-0.948415
-0.857275
-0.745799
-0.873603
-0.758823
-0.822094
-0.651775
-0.658610
-0.583886
-0.681301
-0.882914
-0.915645
-0.626858
-0.647715
-0.806802
-0.734376
-0.651160
-0.697259
-0.564416
-0.972579
-0.926312
-0.826577
-0.788264
-0.685231
-0.688677
-0.558235
-0.944687
-0.570273
-0.948702
-0.616466
-0.605777
-0.763872
-0.727299
-0.652244
-0.960240
-0.605636
-0.963490
-0.980008
-0.808210
-0.994761
-0.912835
-0.819671
-0.742664
-0.778659
-0.825977
-0.555007
-0.934994
-0.879125
-0.553770
-0.702608
-0.550373
-0.584996
-0.965124
-0.506744
-0.585507
-0.805262
-0.965209
-0.597032
-0.998069
-0.711504
-0.754938
-0.814948
-0.639401
-0.501464
-0.868580
-0.663425
-0.942759
-0.620686
-0.817040
-0.868997
-0.701137
-0.651427
-0.535836
-0.567040
0.891439
0.746182
0.537870
0.805388
0.811026
0.944953
0.510035
0.832853
0.750764
0.673264
0.616812
0.812794
0.924390
0.720610
0.605765
0.554530
0.588688
0.909393
0.749530
0.700304
0.989635
0.551834
0.963700
0.738823
0.594762
0.629642
0.580267
0.996340
0.790858
0.672494
0.732715
0.600229
0.865394
0.637365
0.747601
0.641718
0.503386
0.901097
0.980897
0.732527
0.744079
0.958842
0.672972
0.768832
0.991403
0.545689
0.846764
0.683601
0.558251
0.707197
0.830106
0.837113
0.711299
0.774229
0.670380
0.832629
0.922776
0.812573
0.794322
0.546131
0.662039
0.749092
0.785829
0.962636
0.955828
0.545156
0.739345
0.532033
0.849784
0.855917
0.867990
0.623931
0.825301
0.742755
0.953286
0.934681
0.710882
0.734658
0.962884
0.547477
0.634611
0.652023
0.765370
0.932046
0.930973
0.626302
0.789579
0.688640
0.997953
0.653518
0.823992
0.607802
0.780864
0.681404
0.604170
0.535697
0.826061
0.876579
0.776702
0.742616
0.638992
0.956602
0.516715
0.654520
0.865073
0.696433
0.847497
0.869435
0.998936
0.743464
0.707742
0.947449
0.946702
0.517176
0.808887
0.631294
0.879905
0.821211
0.922206
0.795336
0.818864
0.637008
0.601315
0.993657
0.608891
0.685468
0.817547
0.531589
0.820718
0.695454
0.969980
0.885450
0.804060
0.505797
0.773294
0.667053
0.834857
0.541594
0.579201
0.918768
0.753029
0.613445
0.817294
0.666057
0.596742
0.974201
0.939004
0.703991
0.853433
0.861919
0.911046
0.816079
0.787734
0.686178
0.898776
0.937806
0.867011
0.650494
0.574912
0.693702
0.531554
0.792412
0.586805
0.807739
0.667288
0.629222
0.966642
0.595285
0.588216
0.980651
0.875138
0.804233
0.932310
0.713165
0.930331
0.533364
0.525983
0.831067
0.716912
0.766493
0.858815
0.749468
0.830046
0.850222
0.746432
0.956253
0.891912
0.640493
0.917037
0.556717
0.893705
0.563263
0.559996
0.651888
0.808356
0.926925
0.713063
0.860244
0.929672
0.596247
0.729253
0.633175
0.649149
0.828884
0.654181
0.871571
0.572145
0.573046
0.803781
0.678488
0.865232
0.592822
0.687322
0.858178
0.566421
0.663115
0.609593
0.947649
0.544314
0.749523
0.927473
0.579927
0.913865
0.785094
0.646956
0.634703
0.610301
0.841044
0.654301
0.925534
0.811262
0.541075
0.541170
0.657035
0.552181
0.942133
0.771537
0.553339
0.917209
0.728787
0.845595
0.636904
0.963977
0.875055
0.621719
0.542554
0.543830
0.755524
0.982009
0.722733
0.629766
0.506508
0.540539
0.560271
0.756426
0.991484
0.703163
0.706537
0.801346
0.956436
0.664500
0.951618
0.968511
0.932857
0.713300
0.635737
0.987822
0.765290
0.882452
0.774440
0.588090
0.927479
0.502481
0.589130
0.555012
0.518809
0.572056
0.824834
0.966691
0.633334
0.562603
0.962408
0.545258
0.681212
0.795473
0.954404
0.569457
0.654992
0.989190
0.939361
0.935404
0.586761
0.962099
0.642025
0.947471
0.817996
0.538882
0.634989
0.836861
0.875361
0.840673
0.793657
0.919991
0.578672
0.936929
0.608859
0.961588
0.879763
0.765686
0.651107
0.668519
0.518962
0.784608
0.637798
0.818584
0.726782
0.975222
0.800319
0.713457
0.760216
0.589906
0.888569
0.945767
0.691659
0.864689
0.764149
0.676235
0.900836
0.829971
0.997629
0.869704
0.943906
0.563558
0.714114
0.845408
0.707865
0.737049
0.768953
0.508338
0.726305
0.624405
0.994654
0.891591
0.541506
0.956695
0.554567
0.569931
0.516788
0.961239
0.659875
0.950673
0.927155
0.628219
0.984886
0.864514
0.707750
0.552920
0.626220
0.745246
0.868001
0.862968
0.516758
0.989565
0.510740
0.789377
0.622666
0.651838
0.681582
0.710203
0.900193
0.721543
0.552771
0.653201
0.598787
0.514262
0.943346
0.952873
0.645722
0.850190
0.594153
0.911027
0.930948
0.672711
0.791259
0.984692
0.979750
0.530128
0.504202
0.549922
0.529141
0.922563
0.991524
0.519872
0.753752
0.532184
0.622261
0.816787
0.948214
0.816560
0.609947
0.918327
0.661250
0.560438
0.575111
0.800909
0.838036
0.607592
0.920183
0.617080
0.582548
0.589010
0.920596
0.887689
0.977677
0.977138
0.556633
0.918356
0.753177
0.864245
0.689596
0.838273
0.625216
0.832071
0.516717
0.742136
0.574415
0.835757
0.702568
0.540224
0.963868
0.734990
0.757967
0.944442
0.820743
0.709281
0.545319
0.867711
0.782915
0.516604
0.814434
0.805295
0.505095
0.915487
0.764981
0.718242
0.989209
0.599930
0.884492
0.905021
0.675827
0.755210
0.872132
0.746835
0.667866
0.762982
0.702209
0.793944
0.984250
0.900813
0.930008
0.794242
0.665422
0.634517
0.900807
0.889258
0.625112
0.658586
0.645980
0.862913
0.824911
0.674107
0.660490
0.780250
0.536378
0.758909
0.600962
0.972535
0.825036
0.800701
0.615238
0.685181
0.554327
0.890448
0.735865
0.906401
0.746560
0.676353
0.587533
0.854794
0.749342
0.506664
0.994593
0.651226
0.910889
0.948705
0.524967
0.776723
0.617600
0.842525
0.618889
0.580818
0.620948
0.854788
0.563408
0.548225
0.526532
0.842327
0.568935
0.953615
0.602921
0.681064
0.529880
0.795372
0.510031
0.800341
0.588556
0.913608
0.875393
0.904502
0.554740
0.974454
0.950584
0.860644
0.907273
0.886423
0.608056
0.981939
0.578095
0.843844
0.890240
0.615424
0.996750
0.737652
0.568076
0.910119
0.857233
0.987030
0.576006
0.564304
0.929729
0.839903
0.861410
0.943464
0.620794
0.704146
0.550561
0.796428
0.915434
0.543416
0.799097
0.625485
0.533811
0.503406
0.886502
0.900516
0.834270
0.500460
0.937115
0.639475
0.661427
0.953484
0.526156
0.799232
0.905496
0.546058
0.924689
0.734566
0.854687
0.525340
0.643707
0.874522
0.843406
0.968653
0.774373
0.940600
0.811864
0.597386
0.535615
0.896200
0.656898
0.958403
0.830656
0.531967
0.829755
0.740036
0.605310
0.540859
0.696344
0.639482
0.640739
0.506178
0.847294
0.986680
0.571662
0.615981
0.876458
0.502144
0.889023
0.746298
0.551361
0.731463
0.976827
0.821961
0.531626
0.949985
0.945377
0.594607
0.657070
0.903173
0.709224
0.952464
0.982770
0.948831
0.699692
0.817024
0.550264
0.729223
0.947109
0.852912
0.913490
0.630013
0.967576
0.590746
0.702658
0.657904
0.683061
0.595376
0.624621
0.947389
0.681629
0.621350
0.574988
0.649220
0.705102
0.736424
0.808800
0.794093
0.882395
0.801527
0.786303
0.534857
0.552244
0.936191
0.637247
0.682668
0.808471
0.900627
0.978534
0.644875
0.504171
0.925236
0.970080
0.544554
0.641871
0.546232
0.587683
0.864816
0.559139
0.919553
0.787246
0.593986
0.995682
0.631470
0.994134
0.868113
0.841802
0.860930
0.740006
0.502913
0.855044
0.849872
0.598544
0.659007
0.651757
0.579276
0.797536
0.523845
0.515306
0.672495
0.953605
0.616983
0.675968
0.886627
0.690931
0.803322
0.590864
0.952058
0.972022
0.861123
0.801670
0.682892
0.520505
0.592977
0.769659
0.626535
0.664265
0.984882
0.931549
0.644555
0.646148
0.997040
0.951943
0.727304
0.561571
0.953797
0.944608
0.710795
0.878641
0.912938
0.817474
0.699939
0.622651
0.767592
0.568615
0.726458
0.528488
0.753448
0.723605
0.768748
0.877227
0.637877
0.994948
0.879498
0.817588
0.842358
0.513334
0.754141
0.916567
0.505571
0.760466
0.587129
0.864449
0.701402
0.972147
0.973856
0.640744
0.506952
0.564746
0.581712
0.677536
0.633492
0.860303
0.898799
0.621137
0.706027
0.984683
0.785254
0.831325
0.696887
