0.568504
0.822270
0.638139
0.970196
0.853849
0.780668
0.982403
0.944841
0.636307
0.640963
0.822055
0.862674
0.632586
0.707137
0.964030
0.975036
0.935200
0.874655
0.931762
0.962165
0.511731
0.530247
0.787341
0.629212
0.849162
0.512448
0.901056
0.861503
0.785831
0.954211
0.526916
0.985779
0.593819
0.710871
0.682974
0.623166
0.635615
0.906863
0.576046
0.525975
0.713259
0.550343
0.821258
0.760549
0.788986
0.802049
0.570881
0.838889
0.856081
0.683565
0.873145
0.934632
0.968998
0.584674
0.667672
0.947494
0.741081
0.950766
0.578961
0.712205
0.972225
0.735551
0.926820
0.686280
0.913977
0.544063
0.998688
0.715427
0.928726
0.909243
0.931437
0.541110
0.727245
0.914329
0.802065
0.885097
0.932470
0.519208
0.685465
0.676839
0.758186
0.588678
0.951886
0.708371
0.925597
0.642112
0.760286
0.721551
0.646126
0.788707
0.933423
0.779794
0.556628
0.561166
0.803944
0.814435
0.670925
0.747133
0.781143
0.775378
0.875714
0.941567
0.610580
0.857369
0.548228
0.729290
0.722105
0.944428
0.987827
0.910272
0.520530
0.982988
0.719244
0.691902
0.691710
0.533964
0.894391
0.766867
0.893476
0.901281
0.666021
0.529675
0.941766
0.934613
0.763016
0.708163
0.686316
0.656560
0.650312
0.965691
0.652702
0.551748
0.732546
0.764560
0.651201
0.943010
0.526750
0.988078
0.554086
0.988749
0.618192
0.773237
0.627799
0.969369
0.798366
0.866216
0.940088
0.831104
0.925691
0.662923
0.679764
0.566600
0.800608
0.985559
0.601102
0.712326
0.565996
0.960650
0.675939
0.979370
0.806046
0.639865
0.820469
0.986524
0.779472
0.709386
0.921740
0.527277
0.512176
0.607102
0.603070
0.965065
0.923363
0.809112
0.604138
0.986763
0.610879
0.778624
0.509284
0.595605
0.552189
0.972269
0.987992
0.702116
0.519749
0.916153
0.720484
0.716636
0.562733
0.792807
0.754255
0.607514
0.581584
0.552380
0.889830
0.976299
0.923093
0.659050
0.849181
0.633901
0.577186
0.735487
0.958595
0.782611
0.708403
0.904331
0.554434
0.974937
0.501378
0.524771
0.784326
0.786829
0.657216
0.991486
0.905176
0.815352
0.901582
0.593052
0.862812
0.844410
0.662256
0.641798
0.755281
0.748053
0.535570
0.589839
0.989747
0.684646
0.867505
0.882070
0.883750
0.546281
0.752836
0.817335
0.866666
0.719311
0.522829
0.627103
0.502586
0.765367
0.850280
0.974083
0.670703
0.721851
0.846373
0.926689
0.992162
0.783785
0.573305
0.630735
0.568724
0.816168
0.931114
0.661855
0.919768
0.660269
0.577198
0.523108
0.850135
0.897010
0.813238
0.758427
0.766841
0.821300
0.692492
0.867256
0.790844
0.780029
0.677707
0.519655
0.796992
0.772579
0.901826
0.859168
0.712272
0.630535
0.579574
0.649749
0.519990
0.666678
0.955299
0.677787
0.841865
0.936288
0.557175
0.969622
0.504901
0.873234
0.739654
0.765165
0.697356
0.616018
0.793462
0.590944
0.526842
0.541401
0.946752
0.960109
0.592726
0.657118
0.744766
0.703727
0.937408
0.795614
0.676632
0.806714
0.604982
0.538114
0.691790
0.751182
0.963890
0.950880
0.566819
0.634707
0.918993
0.631799
0.847998
0.924751
0.795590
0.687367
0.507359
0.790895
0.832258
0.618553
0.856828
0.714556
0.771213
0.683177
0.781484
0.516149
0.575890
0.682380
0.998296
0.737216
0.580316
0.694575
0.861262
0.734246
0.531708
0.961418
0.742848
0.758214
0.855875
0.979994
0.822053
0.996238
0.867625
0.925217
0.515319
0.944173
0.812522
0.850731
0.529709
0.600219
0.735733
0.808534
0.744623
0.814927
0.530332
0.717982
0.686042
0.532539
0.703019
0.638266
0.521016
0.919563
0.540271
0.651339
0.818728
0.582729
0.912720
0.512061
0.738589
0.823227
0.899251
0.792171
0.697268
0.824755
0.787746
0.742439
0.953263
0.878280
0.736540
0.719910
0.782014
0.746314
0.894041
0.950591
0.983684
0.846900
0.609150
0.502970
0.844219
0.785068
0.557512
0.579347
0.685243
0.855325
0.928121
0.575903
0.810418
0.604949
0.752176
0.790916
0.870275
0.691070
0.634023
0.621360
0.890394
0.795537
0.771942
0.738411
0.833374
0.963246
0.877415
0.611570
0.899308
0.891926
0.704682
0.703763
0.724796
0.660466
0.850518
0.502564
0.534630
0.739632
0.917156
0.735024
0.535252
0.722163
0.514011
0.624493
0.762968
0.676980
0.565744
0.502984
0.562210
0.882127
0.689552
0.646224
0.792400
0.668561
0.855847
0.939921
0.744316
0.543387
0.949551
0.827722
0.513069
0.909130
0.642911
0.807477
0.994944
0.553113
0.761815
0.620409
0.590140
0.768022
0.757368
0.758023
0.935847
0.862759
0.632540
0.522594
0.613109
0.912850
0.694236
0.710564
0.673947
0.870925
0.695696
0.916627
0.971327
0.710152
0.996281
0.747838
0.618997
0.862357
0.969833
0.688297
0.785099
0.922630
0.701749
0.521721
0.888968
0.876379
0.539584
0.866170
0.607405
0.989542
0.893596
0.540466
0.841131
0.756250
0.844449
0.989571
0.796282
0.916952
0.876789
0.761010
0.710885
0.629776
0.698165
0.923075
0.716024
0.825853
0.943737
0.546147
0.530377
0.979330
0.625001
0.841870
