1.494155544787645340e-02
1.534173451364040375e-02
1.571926847100257874e-02
1.607187651097774506e-02
1.639740914106369019e-02
1.669381745159626007e-02
1.695921085774898529e-02
1.719184592366218567e-02
1.739018037915229797e-02
1.755284331738948822e-02
1.767869852483272552e-02
1.776680536568164825e-02
1.781648397445678711e-02
1.782726310193538666e-02
1.779893413186073303e-02
1.773151569068431854e-02
1.762528531253337860e-02
1.748074591159820557e-02
1.729864440858364105e-02
1.707994192838668823e-02
1.682582683861255646e-02
1.653767935931682587e-02
1.621708087623119354e-02
1.586577668786048889e-02
1.548567786812782288e-02
1.507883239537477493e-02
1.464741863310337067e-02
1.419370528310537338e-02
1.372005231678485870e-02
1.322889421135187149e-02
1.272271107882261276e-02
1.220399327576160431e-02
1.167525351047515869e-02
1.113901007920503616e-02
1.059773284941911697e-02
1.005386933684349060e-02
9.509798139333724976e-03
8.967837318778038025e-03
8.430220186710357666e-03
7.899074815213680267e-03
7.376440335065126419e-03
6.864224094897508621e-03
6.364219821989536285e-03
5.878084339201450348e-03
5.407346412539482117e-03
4.953374154865741730e-03
4.517416469752788544e-03
4.100530873984098434e-03
3.703682217746973038e-03
3.327627899125218391e-03
2.973006805405020714e-03
2.640319988131523132e-03
2.329889219254255295e-03
2.041909843683242798e-03
1.776429940946400166e-03
1.533395145088434219e-03
1.312568318098783493e-03
1.113654696382582188e-03
9.361979318782687187e-04
7.796607678756117821e-04
6.433617672882974148e-04
5.265967338345944881e-04
4.285188915673643351e-04
3.482554457150399685e-04
2.848406147677451372e-04
2.372469607507809997e-04
2.044224238488823175e-04
1.852648128988221288e-04
1.786423235898837447e-04
1.833655405789613724e-04
1.983123947866261005e-04
2.222986950073391199e-04
2.541524590924382210e-04
2.927574969362467527e-04
3.369711630512028933e-04
3.857206611428409815e-04
4.379188758321106434e-04
4.925261600874364376e-04
5.484800203703343868e-04
6.048942450433969498e-04
6.609151023440063000e-04
7.156633655540645123e-04
7.683839066885411739e-04
8.183882455341517925e-04
8.650207309983670712e-04
9.076644782908260822e-04
9.457885171286761761e-04
9.789734613150358200e-04
1.006787642836570740e-03
1.028968254104256630e-03
1.045225304551422596e-03
1.055402797646820545e-03
1.059343689121305943e-03
1.056919689290225506e-03
1.048172242008149624e-03
1.033105188980698586e-03
1.011827262118458748e-03
9.844865417107939720e-04
9.512435062788426876e-04
9.123750496655702591e-04
8.680736063979566097e-04
8.186510531231760979e-04
7.644388824701309204e-04
7.057868642732501030e-04
6.430640933103859425e-04
5.766871036030352116e-04
5.070117767900228500e-04
4.345221386756747961e-04
3.595851594582200050e-04
2.826700801961123943e-04
2.042101259576156735e-04
1.246863394044339657e-04
4.457117393030785024e-05
-3.585043668863363564e-05
-1.160125757451169193e-04
-1.955079060280695558e-04
-2.739745541475713253e-04
-3.509750240482389927e-04
-4.260861605871468782e-04
-4.989636945538222790e-04
-5.693153943866491318e-04
-6.367104942910373211e-04
-7.008650572970509529e-04
-7.614528294652700424e-04
-8.181712473742663860e-04
-8.707741508260369301e-04
-9.189749835059046745e-04
-9.625460370443761349e-04
-1.001289812847971916e-03
-1.034967368468642235e-03
-1.063440344296395779e-03
-1.086498028598725796e-03
-1.104030292481184006e-03
-1.115854363888502121e-03
-1.121931709349155426e-03
-1.122189336456358433e-03
-1.116518746130168438e-03
-1.104963128454983234e-03
-1.087456359528005123e-03
-1.063972711563110352e-03
-1.034568995237350464e-03
-9.993087733164429665e-04
-9.582233033142983913e-04
-9.115126449614763260e-04
-8.592260419391095638e-04
-8.016263018362224102e-04
-7.387826917693018913e-04
-6.710678571835160255e-04
-5.984896561130881310e-04
-5.214056000113487244e-04
-4.403236380312591791e-04
-3.553339338395744562e-04
-2.670241810847073793e-04
-1.756034180289134383e-04
-8.160943252732977271e-05
1.458021233702311292e-05
1.124327391153201461e-04
2.113467635354027152e-04
3.108392120338976383e-04
4.103133105672895908e-04
5.092468345537781715e-04
6.069047958590090275e-04
7.026739185675978661e-04
7.959706126712262630e-04
8.861423702910542488e-04
9.724666015245020390e-04
1.054401509463787079e-03
1.131184981204569340e-03
1.202291343361139297e-03
1.267180196009576321e-03
1.325138495303690434e-03
1.375700114294886589e-03
1.418439554981887341e-03
1.452920725569128990e-03
1.478751073591411114e-03
1.495582400821149349e-03
1.503392588347196579e-03
1.501991064287722111e-03
1.491581671871244907e-03
1.472317613661289215e-03
1.444474095478653908e-03
1.408336567692458630e-03
1.364853465929627419e-03
1.314767054282128811e-03
1.258968957699835300e-03
1.198996556922793388e-03
1.136200386099517345e-03
1.072362530976533890e-03
1.009657047688961029e-03
9.504816262051463127e-04
8.976028766483068466e-04
8.538536494597792625e-04
8.229357772506773472e-04
8.088054601103067398e-04
8.156257681548595428e-04
8.484050631523132324e-04
9.124284842982888222e-04
1.013775356113910675e-03
1.158804749138653278e-03
1.354616368189454079e-03
1.609029481187462807e-03
1.930638449266552925e-03
2.328564645722508430e-03
2.813110360875725746e-03
3.395137144252657890e-03
4.086263943463563919e-03
4.898909013718366623e-03
5.847161635756492615e-03
6.945472676306962967e-03
8.209084160625934601e-03
9.654663503170013428e-03
1.129985600709915161e-02
1.316323131322860718e-02
1.526457723230123520e-02
1.762447133660316467e-02
2.026440016925334930e-02
2.320720441639423370e-02
2.647644095122814178e-02
3.009646385908126831e-02
3.409266844391822815e-02
3.849096223711967468e-02
4.331791773438453674e-02
4.860058054327964783e-02
5.436630174517631531e-02
6.064314395189285278e-02
6.745869666337966919e-02
7.484083622694015503e-02
8.281674236059188843e-02
9.141334891319274902e-02
1.006569042801856995e-01
1.105724498629570007e-01
1.211844533681869507e-01
1.325152665376663208e-01
1.445856690406799316e-01
1.574144661426544189e-01
1.710186302661895752e-01
1.854123473167419434e-01
2.006072402000427246e-01
2.166117578744888306e-01
2.334313392639160156e-01
2.510676383972167969e-01
2.695195674896240234e-01
2.887814640998840332e-01
3.088442683219909668e-01
3.296943306922912598e-01
3.513140678405761719e-01
3.736820816993713379e-01
3.967720568180084229e-01
4.205545485019683838e-01
4.449955821037292480e-01
4.700569808483123779e-01
4.956964254379272461e-01
5.218689441680908203e-01
5.485257506370544434e-01
5.756149291992187500e-01
6.030815243721008301e-01
6.308682560920715332e-01
6.589160561561584473e-01
6.871639490127563477e-01
7.155491113662719727e-01
7.440088391304016113e-01
7.724797725677490234e-01
8.008980154991149902e-01
8.292000293731689453e-01
8.573248386383056641e-01
8.852111101150512695e-01
9.128000736236572266e-01
9.400343894958496094e-01
9.668602943420410156e-01
9.932264685630798340e-01
1.019084334373474121e+00
1.044388532638549805e+00
1.069098472595214844e+00
1.093176722526550293e+00
1.116589426994323730e+00
1.139307260513305664e+00
1.161304950714111328e+00
1.182561039924621582e+00
1.203058481216430664e+00
1.222783684730529785e+00
1.241728305816650391e+00
1.259886145591735840e+00
1.277255654335021973e+00
1.293838143348693848e+00
1.309638381004333496e+00
1.324664354324340820e+00
1.338926196098327637e+00
1.352436780929565430e+00
1.365211963653564453e+00
1.377268552780151367e+00
1.388625264167785645e+00
1.399302005767822266e+00
1.409320235252380371e+00
1.418702483177185059e+00
1.427470803260803223e+00
1.435648918151855469e+00
1.443260073661804199e+00
1.450327157974243164e+00
1.456873059272766113e+00
1.462921023368835449e+00
1.468492150306701660e+00
1.473607897758483887e+00
1.478288292884826660e+00
1.482552647590637207e+00
1.486419200897216797e+00
1.489904880523681641e+00
1.493025064468383789e+00
1.495794296264648438e+00
1.498225927352905273e+00
1.500331044197082520e+00
1.502120494842529297e+00
1.503603458404541016e+00
1.504787445068359375e+00
1.505678772926330566e+00
1.506282687187194824e+00
1.506603717803955078e+00
1.506644845008850098e+00
1.506407976150512695e+00
1.505894541740417480e+00
1.505104541778564453e+00
1.504037499427795410e+00
1.502692818641662598e+00
1.501068711280822754e+00
1.499163150787353516e+00
1.496973872184753418e+00
1.494498491287231445e+00
1.491734266281127930e+00
1.488678812980651855e+00
1.485329747200012207e+00
1.481684803962707520e+00
1.477741956710815430e+00
1.473499774932861328e+00
1.468957304954528809e+00
1.464114308357238770e+00
1.458971023559570312e+00
1.453528285026550293e+00
1.447787404060363770e+00
1.441751599311828613e+00
1.435424089431762695e+00
1.428809285163879395e+00
1.421912550926208496e+00
1.414740085601806641e+00
1.407299160957336426e+00
1.399598121643066406e+00
1.391646027565002441e+00
1.383452773094177246e+00
1.375030040740966797e+00
1.366389513015747070e+00
1.357543826103210449e+00
1.348506808280944824e+00
1.339293241500854492e+00
1.329918146133422852e+00
1.320397377014160156e+00
1.310747623443603516e+00
1.300985574722290039e+00
1.291129469871520996e+00
1.281197071075439453e+00
1.271206617355346680e+00
1.261177062988281250e+00
1.251127243041992188e+00
1.241075992584228516e+00
1.231042504310607910e+00
1.221046090126037598e+00
1.211105465888977051e+00
1.201239824295043945e+00
1.191467761993408203e+00
1.181807756423950195e+00
1.172277808189392090e+00
1.162895441055297852e+00
1.153678059577941895e+00
1.144642114639282227e+00
1.135803580284118652e+00
1.127178192138671875e+00
1.118780732154846191e+00
1.110625386238098145e+00
1.102725505828857422e+00
1.095093488693237305e+00
1.087741136550903320e+00
1.080679655075073242e+00
1.073919057846069336e+00
1.067468404769897461e+00
1.061336159706115723e+00
1.055530071258544922e+00
1.050056576728820801e+00
1.044921398162841797e+00
1.040129780769348145e+00
1.035685658454895020e+00
1.031592130661010742e+00
1.027851819992065430e+00
1.024466276168823242e+00
1.021436452865600586e+00
1.018762350082397461e+00
1.016443610191345215e+00
1.014478564262390137e+00
1.012865781784057617e+00
1.011602640151977539e+00
1.010686159133911133e+00
1.010113000869750977e+00
1.009878993034362793e+00
1.009979605674743652e+00
1.010410428047180176e+00
1.011165738105773926e+00
1.012240409851074219e+00
1.013628244400024414e+00
1.015323758125305176e+00
1.017320275306701660e+00
1.019611954689025879e+00
1.022191643714904785e+00
1.025053501129150391e+00
1.028190374374389648e+00
1.031595587730407715e+00
1.035262942314147949e+00
1.039185404777526855e+00
1.043355822563171387e+00
1.047767996788024902e+00
1.052415251731872559e+00
1.057290792465209961e+00
1.062388420104980469e+00
1.067701458930969238e+00
1.073223948478698730e+00
1.078949093818664551e+00
1.084870576858520508e+00
1.090982437133789062e+00
1.097278118133544922e+00
1.103751301765441895e+00
1.110395908355712891e+00
1.117205381393432617e+00
1.124173164367675781e+00
1.131292581558227539e+00
1.138556599617004395e+00
1.145957827568054199e+00
1.153489232063293457e+00
1.161142945289611816e+00
1.168910980224609375e+00
1.176784396171569824e+00
1.184754252433776855e+00
1.192811250686645508e+00
1.200945496559143066e+00
1.209145903587341309e+00
1.217401266098022461e+00
1.225699543952941895e+00
1.234027624130249023e+00
1.242372155189514160e+00
1.250719070434570312e+00
1.259053111076354980e+00
1.267358422279357910e+00
1.275618672370910645e+00
1.283816456794738770e+00
1.291933417320251465e+00
1.299951195716857910e+00
1.307850122451782227e+00
1.315610527992248535e+00
1.323212027549743652e+00
1.330633640289306641e+00
1.337854385375976562e+00
1.344853401184082031e+00
1.351608753204345703e+00
1.358099460601806641e+00
1.364304423332214355e+00
1.370203018188476562e+00
1.375774860382080078e+00
1.381000161170959473e+00
1.385861158370971680e+00
1.390339851379394531e+00
1.394419312477111816e+00
1.398084759712219238e+00
1.401321887969970703e+00
1.404118657112121582e+00
1.406465172767639160e+00
1.408351898193359375e+00
1.409772515296936035e+00
1.410721898078918457e+00
1.411197662353515625e+00
1.411199092864990234e+00
1.410727977752685547e+00
1.409787893295288086e+00
1.408384919166564941e+00
1.406527161598205566e+00
1.404224991798400879e+00
1.401489973068237305e+00
1.398336052894592285e+00
1.394779324531555176e+00
1.390837430953979492e+00
1.386528730392456055e+00
1.381874561309814453e+00
1.376896739006042480e+00
1.371618270874023438e+00
1.366062879562377930e+00
1.360254883766174316e+00
1.354219675064086914e+00
1.347983360290527344e+00
1.341571211814880371e+00
1.335009813308715820e+00
1.328325390815734863e+00
1.321544051170349121e+00
1.314691185951232910e+00
1.307791590690612793e+00
1.300870299339294434e+00
1.293950915336608887e+00
1.287056565284729004e+00
1.280209541320800781e+00
1.273431420326232910e+00
1.266742467880249023e+00
1.260161757469177246e+00
1.253707408905029297e+00
1.247396588325500488e+00
1.241244912147521973e+00
1.235266804695129395e+00
1.229475975036621094e+00
1.223884463310241699e+00
1.218503355979919434e+00
1.213342308998107910e+00
1.208409428596496582e+00
1.203712463378906250e+00
1.199257493019104004e+00
1.195048928260803223e+00
1.191090703010559082e+00
1.187385559082031250e+00
1.183935046195983887e+00
1.180739164352416992e+00
1.177797317504882812e+00
1.175108194351196289e+00
1.172669172286987305e+00
1.170475959777832031e+00
1.168524742126464844e+00
1.166809678077697754e+00
1.165324807167053223e+00
1.164063096046447754e+00
1.163016557693481445e+00
1.162177443504333496e+00
1.161536216735839844e+00
1.161083221435546875e+00
1.160808563232421875e+00
1.160701394081115723e+00
1.160750865936279297e+00
1.160945534706115723e+00
1.161273956298828125e+00
1.161724328994750977e+00
1.162284731864929199e+00
1.162943243980407715e+00
1.163687586784362793e+00
1.164506435394287109e+00
1.165387511253356934e+00
1.166320443153381348e+00
1.167293787002563477e+00
1.168296456336975098e+00
1.169318437576293945e+00
1.170349597930908203e+00
1.171381115913391113e+00
1.172404408454895020e+00
1.173411726951599121e+00
1.174395918846130371e+00
1.175351142883300781e+00
1.176271438598632812e+00
1.177152395248413086e+00
1.177989840507507324e+00
1.178781509399414062e+00
1.179525256156921387e+00
1.180220127105712891e+00
1.180865645408630371e+00
1.181462526321411133e+00
1.182012200355529785e+00
1.182517170906066895e+00
1.182980537414550781e+00
1.183405637741088867e+00
1.183797359466552734e+00
1.184160590171813965e+00
1.184500932693481445e+00
1.184824228286743164e+00
1.185137152671813965e+00
1.185446500778198242e+00
1.185759186744689941e+00
1.186082482337951660e+00
1.186423540115356445e+00
1.186789989471435547e+00
1.187188982963562012e+00
1.187627792358398438e+00
1.188113451004028320e+00
1.188652992248535156e+00
1.189252853393554688e+00
1.189918994903564453e+00
1.190657615661621094e+00
1.191473841667175293e+00
1.192372560501098633e+00
1.193358182907104492e+00
1.194434165954589844e+00
1.195603728294372559e+00
1.196869373321533203e+00
1.198233008384704590e+00
1.199696302413940430e+00
1.201259493827819824e+00
1.202922582626342773e+00
1.204684853553771973e+00
1.206544637680053711e+00
1.208500146865844727e+00
1.210548758506774902e+00
1.212686896324157715e+00
1.214910626411437988e+00
1.217215657234191895e+00
1.219596862792968750e+00
1.222048640251159668e+00
1.224564671516418457e+00
1.227138638496398926e+00
1.229763746261596680e+00
1.232432126998901367e+00
1.235136151313781738e+00
1.237867712974548340e+00
1.240619063377380371e+00
1.243381142616271973e+00
1.246145606040954590e+00
1.248903274536132812e+00
1.251645445823669434e+00
1.254363298416137695e+00
1.257047891616821289e+00
1.259690403938293457e+00
1.262282252311706543e+00
1.264814853668212891e+00
1.267280340194702148e+00
1.269670486450195312e+00
1.271978020668029785e+00
1.274195313453674316e+00
1.276315808296203613e+00
1.278333425521850586e+00
1.280242323875427246e+00
1.282037377357482910e+00
1.283714056015014648e+00
1.285268306732177734e+00
1.286696910858154297e+00
1.287997126579284668e+00
1.289167284965515137e+00
1.290206432342529297e+00
1.291113615036010742e+00
1.291889429092407227e+00
1.292534828186035156e+00
1.293051242828369141e+00
1.293441414833068848e+00
1.293708443641662598e+00
1.293856024742126465e+00
1.293888449668884277e+00
1.293810725212097168e+00
1.293628215789794922e+00
1.293347358703613281e+00
1.292975187301635742e+00
1.292517781257629395e+00
1.291983127593994141e+00
1.291378617286682129e+00
1.290712356567382812e+00
1.289992570877075195e+00
1.289227485656738281e+00
1.288425683975219727e+00
1.287595510482788086e+00
1.286745548248291016e+00
1.285884261131286621e+00
1.285020589828491211e+00
1.284161806106567383e+00
1.283316612243652344e+00
1.282492160797119141e+00
1.281696200370788574e+00
1.280935883522033691e+00
1.280218005180358887e+00
1.279548645019531250e+00
1.278934001922607422e+00
1.278379082679748535e+00
1.277889251708984375e+00
1.277468919754028320e+00
1.277122259140014648e+00
1.276852130889892578e+00
1.276661992073059082e+00
1.276554226875305176e+00
1.276530027389526367e+00
1.276591181755065918e+00
1.276738405227661133e+00
1.276972055435180664e+00
1.277291178703308105e+00
1.277695536613464355e+00
1.278183102607727051e+00
1.278752207756042480e+00
1.279400229454040527e+00
1.280124306678771973e+00
1.280921339988708496e+00
1.281787037849426270e+00
1.282716989517211914e+00
1.283706426620483398e+00
1.284750342369079590e+00
1.285842776298522949e+00
1.286977529525756836e+00
1.288148641586303711e+00
1.289348602294921875e+00
1.290570259094238281e+00
1.291805505752563477e+00
1.293046832084655762e+00
1.294285535812377930e+00
1.295513033866882324e+00
1.296719789505004883e+00
1.297896504402160645e+00
1.299033045768737793e+00
1.300118923187255859e+00
1.301143407821655273e+00
1.302095413208007812e+00
1.302964091300964355e+00
1.303736925125122070e+00
1.304402112960815430e+00
1.304946899414062500e+00
1.305357933044433594e+00
1.305622220039367676e+00
1.305726051330566406e+00
1.305655121803283691e+00
1.305395007133483887e+00
1.304930329322814941e+00
1.304246187210083008e+00
1.303327083587646484e+00
1.302156805992126465e+00
1.300718784332275391e+00
1.298996210098266602e+00
1.296972870826721191e+00
1.294631242752075195e+00
1.291953563690185547e+00
1.288922548294067383e+00
1.285520553588867188e+00
1.281729459762573242e+00
1.277531623840332031e+00
1.272909879684448242e+00
1.267846226692199707e+00
1.262322902679443359e+00
1.256323456764221191e+00
1.249831080436706543e+00
1.242829680442810059e+00
1.235303401947021484e+00
1.227237820625305176e+00
1.218618512153625488e+00
1.209433078765869141e+00
1.199669241905212402e+00
1.189316272735595703e+00
1.178364992141723633e+00
1.166807174682617188e+00
1.154637098312377930e+00
1.141849398612976074e+00
1.128441691398620605e+00
1.114413499832153320e+00
1.099766016006469727e+00
1.084502458572387695e+00
1.068628430366516113e+00
1.052152156829833984e+00
1.035084009170532227e+00
1.017437338829040527e+00
9.992272257804870605e-01
9.804711937904357910e-01
9.611900448799133301e-01
9.414065480232238770e-01
9.211458563804626465e-01
9.004352688789367676e-01
8.793052434921264648e-01
8.577875494956970215e-01
8.359163999557495117e-01
8.137278556823730469e-01
7.912597060203552246e-01
7.685514092445373535e-01
7.456436157226562500e-01
7.225786447525024414e-01
6.993983387947082520e-01
6.761471033096313477e-01
6.528685688972473145e-01
6.296073198318481445e-01
6.064068675041198730e-01
5.833112001419067383e-01
5.603640675544738770e-01
5.376073122024536133e-01
5.150827169418334961e-01
4.928307235240936279e-01
4.708898067474365234e-01
4.492964744567871094e-01
4.280864894390106201e-01
4.072926938533782959e-01
3.869457840919494629e-01
3.670747578144073486e-01
3.477049469947814941e-01
3.288602232933044434e-01
3.105618059635162354e-01
2.928278148174285889e-01
2.756738364696502686e-01
2.591127753257751465e-01
2.431548982858657837e-01
2.278076559305191040e-01
2.130764126777648926e-01
1.989639252424240112e-01
1.854700744152069092e-01
1.725930124521255493e-01
1.603284627199172974e-01
1.486702561378479004e-01
1.376102119684219360e-01
1.271378546953201294e-01
1.172421276569366455e-01
1.079099401831626892e-01
9.912680089473724365e-02
9.087681770324707031e-02
8.314405381679534912e-02
7.591065764427185059e-02
6.915873289108276367e-02
6.286977231502532959e-02
5.702415853738784790e-02
5.160293728113174438e-02
4.658655449748039246e-02
4.195506870746612549e-02
3.768904134631156921e-02
3.376852720975875854e-02
3.017499670386314392e-02
2.688931487500667572e-02
2.389269694685935974e-02
2.116719447076320648e-02
1.869534328579902649e-02
1.646027341485023499e-02
1.444528717547655106e-02
1.263464521616697311e-02
1.101322472095489502e-02
9.566601365804672241e-03
8.280857466161251068e-03
7.142832037061452866e-03
6.140165962278842926e-03
5.261436104774475098e-03
4.494795575737953186e-03
3.830375382676720619e-03
3.258372657001018524e-03
2.769496524706482887e-03
2.355161821469664574e-03
2.007524017244577408e-03
1.719222986139357090e-03
1.483354368247091770e-03
1.293514389544725418e-03
1.144038513302803040e-03
1.029623323120176792e-03
9.451682562939822674e-04
8.863540133461356163e-04
8.491404005326330662e-04
8.294284925796091557e-04
8.242639014497399330e-04
8.305194787681102753e-04
8.455212228000164032e-04
8.668989175930619240e-04
8.925693109631538391e-04
9.204792440868914127e-04
9.490164811722934246e-04
9.767534211277961731e-04
1.002552453428506851e-03
1.025320379994809628e-03
1.044064061716198921e-03
1.058053225278854370e-03
1.066863536834716797e-03
1.070032361894845963e-03
1.067278208211064339e-03
1.058439374901354313e-03
1.043361029587686062e-03
1.022000913508236408e-03
9.944784687831997871e-04
9.609631379134953022e-04
9.215692407451570034e-04
8.766643586568534374e-04
8.266075747087597847e-04
7.715463289059698582e-04
7.120739319361746311e-04
6.485692574642598629e-04
5.814002361148595810e-04
5.110702477395534515e-04
4.380676255095750093e-04
3.627235710155218840e-04
2.856891660485416651e-04
2.075012889690697193e-04
1.284482859773561358e-04
4.917526530334725976e-05
-2.987614243465941399e-05
-1.083247188944369555e-04
-1.858473115134984255e-04
-2.618686703499406576e-04
-3.359663824085146189e-04
-4.077348567079752684e-04
-4.769983352161943913e-04
-5.432087345980107784e-04
-6.062180618755519390e-04
-6.655951729044318199e-04
-7.210525218397378922e-04
-7.725185714662075043e-04
-8.195259724743664265e-04
-8.621066226623952389e-04
-8.998613338917493820e-04
-9.328385349363088608e-04
-9.607419488020241261e-04
-9.835198288783431053e-04
-1.001051161438226700e-03
-1.013297820463776588e-03
-1.020154450088739395e-03
-1.021560863591730595e-03
-1.017716014757752419e-03
-1.008492428809404373e-03
-9.939149022102355957e-04
-9.742211550474166870e-04
-9.493649704381823540e-04
-9.194784797728061676e-04
-8.846925920806825161e-04
-8.451709290966391563e-04
-8.011065074242651463e-04
-7.526895496994256973e-04
-7.001696503721177578e-04
-6.437911652028560638e-04
-5.837914650328457355e-04
-5.204963381402194500e-04
-4.541895177680999041e-04
-3.852094232570379972e-04
-3.138820466119796038e-04
-2.405537379672750831e-04
-1.656783570069819689e-04
-8.957482350524514914e-05
-1.272704867005813867e-05
6.454507092712447047e-05
1.417608873452991247e-04
2.184872573707252741e-04
2.942239807453006506e-04
3.686308336909860373e-04
4.412169510032981634e-04
5.115671083331108093e-04
5.792309530079364777e-04
6.437518750317394733e-04
7.047735853120684624e-04
7.618800736963748932e-04
8.146506152115762234e-04
8.627870702184736729e-04
9.059848962351679802e-04
9.439068380743265152e-04
9.762355475686490536e-04
1.002794480882585049e-03
1.023447373881936073e-03
1.038023037835955620e-03
1.046386780217289925e-03
1.048534526489675045e-03
1.044494798406958580e-03
1.034301938489079475e-03
1.018064562231302261e-03
9.960263269022107124e-04
9.684311808086931705e-04
9.355191723443567753e-04
8.977372199296951294e-04
8.555434760637581348e-04
8.094229269772768021e-04
7.599443779326975346e-04
7.077783229760825634e-04
6.535859429277479649e-04
5.981569411233067513e-04
5.423229304142296314e-04
4.869677650276571512e-04
4.330067022237926722e-04
3.814153315033763647e-04
3.332052147015929222e-04
2.894529316108673811e-04
2.512570936232805252e-04
2.197297726524993777e-04
1.960102817974984646e-04
1.812564878491684794e-04
1.766037021297961473e-04
1.832101843319833279e-04
2.021997788688167930e-04
2.347052359255030751e-04
2.817817730829119682e-04
3.444970643613487482e-04
4.238466208335012197e-04
5.207957583479583263e-04
6.362142739817500114e-04
7.708896882832050323e-04
9.255796321667730808e-04
1.100852154195308685e-03
1.297308946959674358e-03
1.515336451120674610e-03
1.755281235091388226e-03
2.017316175624728203e-03
2.301488071680068970e-03
2.607742557302117348e-03
2.935871481895446777e-03
3.285538870841264725e-03
3.656237153336405754e-03
4.047319293022155762e-03
4.458022303879261017e-03
4.887377377599477768e-03
5.334325134754180908e-03
5.797617137432098389e-03
6.275887601077556610e-03
6.767614278942346573e-03
7.271145470440387726e-03
7.784701883792877197e-03
8.306385949254035950e-03
8.834178559482097626e-03
9.365967474877834320e-03
9.899546392261981964e-03
1.043261680752038956e-02
1.096283551305532455e-02
1.148778200149536133e-02
1.200502458959817886e-02
1.251208037137985229e-02
1.300647854804992676e-02
1.348577067255973816e-02
1.394752599298954010e-02
1.438935287296772003e-02
1.480894908308982849e-02
1.520408876240253448e-02
1.557265315204858780e-02
1.591264270246028900e-02
1.622221060097217560e-02
1.649965532124042511e-02
1.674346067011356354e-02
1.695228926837444305e-02
1.712501794099807739e-02
1.726072281599044800e-02
1.735871843993663788e-02
1.741853915154933929e-02
1.743995957076549530e-02
1.742298714816570282e-02
1.736788451671600342e-02
1.727513596415519714e-02
1.714546605944633484e-02
1.697981730103492737e-02
1.677936315536499023e-02
1.654546521604061127e-02
1.627969369292259216e-02
1.598377153277397156e-02
1.565960049629211426e-02
1.530920248478651047e-02
1.493473164737224579e-02
1.453842408955097198e-02
