-0.000000
0.000000
-0.000000
-0.000000
-0.000000
-0.000000
-0.000000
-0.000000
-0.000000
0.000000
0.000001
0.000001
0.000002
0.000003
0.000005
0.000006
0.000008
0.000011
0.000014
0.000018
0.000023
0.000028
0.000034
0.000042
0.000050
0.000059
0.000070
0.000083
0.000096
0.000112
0.000129
0.000148
0.000170
0.000193
0.000218
0.000246
0.000277
0.000310
0.000345
0.000383
0.000424
0.000468
0.000514
0.000563
0.000615
0.000670
0.000728
0.000788
0.000850
0.000915
0.000982
0.001051
0.001122
0.001194
0.001267
0.001342
0.001416
0.001491
0.001565
0.001638
0.001710
0.001780
0.001847
0.001911
0.001972
0.002028
0.002079
0.002124
0.002163
0.002194
0.002218
0.002233
0.002239
0.002235
0.002221
0.002195
0.002157
0.002107
0.002045
0.001969
0.001879
0.001775
0.001658
0.001526
0.001379
0.001218
0.001043
0.000855
0.000652
0.000436
0.000208
-0.000032
-0.000283
-0.000543
-0.000813
-0.001091
-0.001374
-0.001663
-0.001955
-0.002248
-0.002542
-0.002833
-0.003121
-0.003403
-0.003677
-0.003940
-0.004192
-0.004430
-0.004651
-0.004854
-0.005037
-0.005197
-0.005334
-0.005445
-0.005529
-0.005585
-0.005611
-0.005607
-0.005573
-0.005507
-0.005411
-0.005285
-0.005129
-0.004945
-0.004734
-0.004499
-0.004243
-0.003969
-0.003681
-0.003383
-0.003080
-0.002778
-0.002484
-0.002203
-0.001944
-0.001715
-0.001525
-0.001383
-0.001300
-0.001287
-0.001355
-0.001516
-0.001784
-0.002171
-0.002692
-0.003361
-0.004194
-0.005205
-0.006411
-0.007829
-0.009474
-0.011365
-0.013518
-0.015950
-0.018680
-0.021725
-0.025102
-0.028829
-0.032924
-0.037404
-0.042285
-0.047584
-0.053317
-0.059501
-0.066148
-0.073275
-0.080895
-0.089019
-0.097661
-0.106831
-0.116539
-0.126794
-0.137603
-0.148972
-0.160907
-0.173412
-0.186490
-0.200140
-0.214363
-0.229157
-0.244519
-0.260444
-0.276924
-0.293954
-0.311522
-0.329618
-0.348230
-0.367343
-0.386942
-0.407010
-0.427528
-0.448477
-0.469837
-0.491583
-0.513694
-0.536143
-0.558906
-0.581957
-0.605266
-0.628806
-0.652547
-0.676460
-0.700514
-0.724678
-0.748922
-0.773213
-0.797520
-0.821811
-0.846055
-0.870220
-0.894275
-0.918189
-0.941931
-0.965473
-0.988783
-1.011835
-1.034600
-1.057052
-1.079165
-1.100914
-1.122275
-1.143227
-1.163748
-1.183819
-1.203421
-1.222537
-1.241151
-1.259251
-1.276822
-1.293854
-1.310338
-1.326266
-1.341631
-1.356428
-1.370654
-1.384307
-1.397387
-1.409895
-1.421833
-1.433205
-1.444017
-1.454274
-1.463984
-1.473156
-1.481800
-1.489926
-1.497547
-1.504676
-1.511325
-1.517510
-1.523244
-1.528544
-1.533426
-1.537906
-1.542002
-1.545730
-1.549107
-1.552152
-1.554881
-1.557314
-1.559466
-1.561356
-1.563001
-1.564418
-1.565624
-1.566635
-1.567466
-1.568135
-1.568655
-1.569041
-1.569308
-1.569469
-1.569536
-1.569522
-1.569439
-1.569298
-1.569108
-1.568880
-1.568622
-1.568343
-1.568050
-1.567751
-1.567451
-1.567157
-1.566874
-1.566605
-1.566356
-1.566128
-1.565926
-1.565751
-1.565606
-1.565491
-1.565408
-1.565358
-1.565339
-1.565353
-1.565398
-1.565475
-1.565582
-1.565717
-1.565880
-1.566068
-1.566280
-1.566515
-1.566769
-1.567041
-1.567329
-1.567631
-1.567944
-1.568267
-1.568597
-1.568932
-1.569271
-1.569610
-1.569949
-1.570284
-1.570615
-1.570940
-1.571257
-1.571565
-1.571862
-1.572147
-1.572419
-1.572676
-1.572919
-1.573145
-1.573354
-1.573546
-1.573720
-1.573875
-1.574011
-1.574128
-1.574226
-1.574304
-1.574363
-1.574402
-1.574422
-1.574423
-1.574404
-1.574368
-1.574313
-1.574240
-1.574150
-1.574044
-1.573922
-1.573784
-1.573632
-1.573466
-1.573287
-1.573097
-1.572895
-1.572683
-1.572462
-1.572233
-1.571998
-1.571756
-1.571510
-1.571261
-1.571010
-1.570758
-1.570507
-1.570258
-1.570012
-1.569771
-1.569536
-1.569309
-1.569090
-1.568882
-1.568685
-1.568501
-1.568331
-1.568176
-1.568037
-1.567915
-1.567811
-1.567726
-1.567660
-1.567614
-1.567587
-1.567581
-1.567595
-1.567629
-1.567681
-1.567751
-1.567838
-1.567940
-1.568056
-1.568184
-1.568321
-1.568463
-1.568609
-1.568755
-1.568895
-1.569027
-1.569144
-1.569243
-1.569317
-1.569361
-1.569367
-1.569328
-1.569238
-1.569088
-1.568870
-1.568576
-1.568196
-1.567721
-1.567142
-1.566447
-1.565627
-1.564672
-1.563570
-1.562309
-1.560879
-1.559268
-1.557464
-1.555456
-1.553232
-1.550781
-1.548089
-1.545147
-1.541943
-1.538464
-1.534702
-1.530643
-1.526279
-1.521600
-1.516595
-1.511257
-1.505576
-1.499545
-1.493157
-1.486404
-1.479282
-1.471785
-1.463908
-1.455649
-1.447005
-1.437974
-1.428556
-1.418750
-1.408558
-1.397983
-1.387026
-1.375693
-1.363988
-1.351917
-1.339487
-1.326707
-1.313584
-1.300130
-1.286355
-1.272270
-1.257888
-1.243222
-1.228285
-1.213094
-1.197663
-1.182008
-1.166146
-1.150093
-1.133868
-1.117487
-1.100970
-1.084334
-1.067598
-1.050782
-1.033902
-1.016980
-1.000032
-0.983078
-0.966136
-0.949224
-0.932360
-0.915560
-0.898842
-0.882222
-0.865716
-0.849339
-0.833105
-0.817028
-0.801121
-0.785397
-0.769866
-0.754540
-0.739428
-0.724540
-0.709883
-0.695464
-0.681290
-0.667366
-0.653697
-0.640287
-0.627138
-0.614252
-0.601631
-0.589275
-0.577184
-0.565357
-0.553792
-0.542488
-0.531441
-0.520648
-0.510105
-0.499808
-0.489753
-0.479934
-0.470346
-0.460984
-0.451842
-0.442915
-0.434196
-0.425680
-0.417361
-0.409233
-0.401290
-0.393528
-0.385940
-0.378522
-0.371268
-0.364175
-0.357238
-0.350453
-0.343817
-0.337327
-0.330979
-0.324772
-0.318703
-0.312772
-0.306976
-0.301316
-0.295790
-0.290399
-0.285144
-0.280024
-0.275041
-0.270197
-0.265493
-0.260930
-0.256511
-0.252239
-0.248115
-0.244142
-0.240323
-0.236661
-0.233158
-0.229817
-0.226641
-0.223632
-0.220792
-0.218125
-0.215632
-0.213315
-0.211176
-0.209216
-0.207438
-0.205841
-0.204426
-0.203194
-0.202145
-0.201279
-0.200594
-0.200090
-0.199765
-0.199618
-0.199646
-0.199848
-0.200220
-0.200760
-0.201463
-0.202327
-0.203347
-0.204519
-0.205838
-0.207301
-0.208901
-0.210634
-0.212494
-0.214477
-0.216576
-0.218785
-0.221100
-0.223513
-0.226020
-0.228614
-0.231290
-0.234041
-0.236862
-0.239747
-0.242690
-0.245685
-0.248727
-0.251810
-0.254928
-0.258077
-0.261251
-0.264444
-0.267652
-0.270869
-0.274090
-0.277312
-0.280527
-0.283733
-0.286923
-0.290094
-0.293240
-0.296357
-0.299440
-0.302483
-0.305483
-0.308434
-0.311332
-0.314170
-0.316944
-0.319649
-0.322278
-0.324827
-0.327290
-0.329660
-0.331932
-0.334099
-0.336155
-0.338094
-0.339908
-0.341592
-0.343137
-0.344537
-0.345785
-0.346873
-0.347795
-0.348542
-0.349108
-0.349484
-0.349664
-0.349640
-0.349405
-0.348952
-0.348274
-0.347365
-0.346218
-0.344828
-0.343188
-0.341293
-0.339139
-0.336720
-0.334033
-0.331075
-0.327842
-0.324333
-0.320547
-0.316482
-0.312139
-0.307517
-0.302620
-0.297448
-0.292006
-0.286297
-0.280326
-0.274099
-0.267622
-0.260903
-0.253951
-0.246774
-0.239382
-0.231786
-0.223998
-0.216031
-0.207896
-0.199609
-0.191184
-0.182635
-0.173979
-0.165231
-0.156409
-0.147528
-0.138607
-0.129662
-0.120713
-0.111775
-0.102868
-0.094010
-0.085217
-0.076508
-0.067900
-0.059409
-0.051052
-0.042846
-0.034806
-0.026946
-0.019282
-0.011826
-0.004591
0.002411
0.009169
0.015675
0.021917
0.027890
0.033585
0.038999
0.044125
0.048962
0.053506
0.057758
0.061717
0.065385
0.068764
0.071858
0.074673
0.077214
0.079488
0.081503
0.083268
0.084794
0.086090
0.087169
0.088042
0.088723
0.089226
0.089563
0.089750
0.089802
0.089733
0.089559
0.089296
0.088958
0.088561
0.088120
0.087650
0.087167
0.086683
0.086213
0.085771
0.085368
0.085017
0.084730
0.084517
0.084387
0.084350
0.084414
0.084586
0.084871
0.085275
0.085803
0.086456
0.087239
0.088150
0.089192
0.090362
0.091659
0.093081
0.094624
0.096283
0.098054
0.099930
0.101904
0.103969
0.106117
0.108340
0.110628
0.112974
0.115365
0.117794
0.120248
0.122719
0.125197
0.127670
0.130129
0.132563
0.134964
0.137321
0.139626
0.141870
0.144045
0.146143
0.148158
0.150082
0.151912
0.153640
0.155264
0.156779
0.158184
0.159475
0.160653
0.161716
0.162666
0.163503
0.164230
0.164850
0.165366
0.165782
0.166104
0.166337
0.166487
0.166562
0.166568
0.166513
0.166406
0.166255
0.166069
0.165857
0.165628
0.165393
0.165159
0.164937
0.164737
0.164567
0.164437
0.164355
0.164331
0.164372
0.164487
0.164683
0.164968
0.165347
0.165827
0.166414
0.167112
0.167926
0.168859
0.169915
0.171096
0.172403
0.173838
0.175401
0.177093
0.178912
0.180856
0.182924
0.185113
0.187420
0.189842
0.192373
0.195010
0.197748
0.200580
0.203502
0.206507
0.209589
0.212742
0.215958
0.219231
0.222555
0.225921
0.229324
0.232757
0.236212
0.239684
0.243165
0.246649
0.250132
0.253606
0.257066
0.260508
0.263926
0.267317
0.270676
0.274000
0.277285
0.280530
0.283732
0.286889
0.289999
0.293063
0.296080
0.299049
0.301972
0.304849
0.307682
0.310472
0.313221
0.315933
0.318611
0.321256
0.323874
0.326468
0.329043
0.331602
0.334150
0.336694
0.339237
0.341786
0.344345
0.346921
0.349519
0.352145
0.354806
0.357507
0.360254
0.363055
0.365915
0.368840
0.371836
0.374911
0.378069
0.381319
0.384665
0.388113
0.391671
0.395344
0.399137
0.403058
0.407112
0.411304
0.415641
0.420128
0.424771
0.429575
0.434545
0.439687
0.445007
0.450508
0.456196
0.462077
0.468154
0.474432
0.480916
0.487609
0.494517
0.501643
0.508989
0.516561
0.524362
0.532394
0.540659
0.549162
0.557903
0.566885
0.576109
0.585577
0.595289
0.605246
0.615448
0.625894
0.636584
0.647518
0.658692
0.670104
0.681753
0.693635
0.705746
0.718083
0.730639
0.743411
0.756392
0.769576
0.782955
0.796523
0.810272
0.824191
0.838274
0.852509
0.866888
0.881398
0.896029
0.910770
0.925609
0.940532
0.955528
0.970583
0.985684
1.000817
1.015968
1.031122
1.046266
1.061385
1.076465
1.091490
1.106447
1.121320
1.136095
1.150758
1.165294
1.179689
1.193930
1.208004
1.221896
1.235594
1.249087
1.262361
1.275406
1.288211
1.300765
1.313058
1.325082
1.336828
1.348287
1.359454
1.370321
1.380883
1.391134
1.401070
1.410687
1.419984
1.428956
1.437604
1.445926
1.453923
1.461594
1.468942
1.475968
1.482676
1.489069
1.495149
1.500924
1.506396
1.511572
1.516458
1.521060
1.525386
1.529443
1.533239
1.536781
1.540079
1.543141
1.545974
1.548590
1.550996
1.553203
1.555219
1.557053
1.558716
1.560216
1.561563
1.562766
1.563835
1.564777
1.565602
1.566319
1.566935
1.567460
1.567900
1.568264
1.568559
1.568792
1.568969
1.569098
1.569184
1.569233
1.569251
1.569243
1.569213
1.569166
1.569107
1.569038
1.568963
1.568886
1.568809
1.568736
1.568667
1.568606
1.568555
1.568514
1.568484
1.568468
1.568465
1.568476
1.568501
1.568542
1.568597
1.568667
1.568752
1.568851
1.568963
1.569089
1.569226
1.569376
1.569536
1.569706
1.569885
1.570071
1.570265
1.570464
1.570668
1.570875
1.571084
1.571295
1.571506
1.571716
1.571924
1.572128
1.572328
1.572522
1.572710
1.572891
1.573062
1.573224
1.573376
1.573516
1.573645
1.573760
1.573861
1.573948
1.574019
1.574074
1.574112
1.574134
1.574138
1.574124
1.574092
1.574041
1.573972
1.573884
1.573777
1.573652
1.573507
1.573345
1.573164
1.572967
1.572752
1.572521
1.572275
1.572014
1.571739
1.571453
1.571155
1.570848
1.570532
1.570210
1.569882
1.569552
1.569220
1.568888
1.568559
1.568235
1.567918
1.567609
1.567312
1.567028
1.566759
1.566508
1.566277
1.566067
1.565881
1.565720
1.565586
1.565481
1.565405
1.565361
1.565347
1.565366
1.565417
1.565500
1.565614
1.565760
1.565934
1.566136
1.566363
1.566612
1.566880
1.567163
1.567456
1.567755
1.568054
1.568346
1.568625
1.568882
1.569110
1.569300
1.569441
1.569524
1.569537
1.569469
1.569309
1.569041
1.568655
1.568135
1.567466
1.566634
1.565624
1.564418
1.563001
1.561356
1.559466
1.557314
1.554881
1.552152
1.549107
1.545730
1.542002
1.537906
1.533426
1.528544
1.523244
1.517510
1.511325
1.504676
1.497547
1.489926
1.481800
1.473156
1.463984
1.454274
1.444017
1.433205
1.421833
1.409895
1.397387
1.384307
1.370654
1.356428
1.341631
1.326266
1.310338
1.293854
1.276822
1.259251
1.241151
1.222537
1.203421
1.183819
1.163748
1.143227
1.122275
1.100914
1.079165
1.057052
1.034600
1.011835
0.988783
0.965473
0.941931
0.918189
0.894275
0.870220
0.846055
0.821811
0.797520
0.773213
0.748922
