0.000014
0.000068
0.000174
0.000329
0.000527
0.000765
0.001040
0.001346
0.001680
0.002038
0.002415
0.002807
0.003209
0.003619
0.004032
0.004443
0.004850
0.005248
0.005635
0.006005
0.006358
0.006689
0.006995
0.007275
0.007526
0.007746
0.007932
0.008084
0.008201
0.008280
0.008321
0.008324
0.008288
0.008212
0.008099
0.007946
0.007756
0.007529
0.007266
0.006968
0.006637
0.006274
0.005881
0.005460
0.005014
0.004543
0.004050
0.003539
0.003009
0.002467
0.001912
0.001347
0.000777
0.000201
-0.000377
-0.000952
-0.001525
-0.002092
-0.002652
-0.003201
-0.003738
-0.004260
-0.004766
-0.005254
-0.005721
-0.006168
-0.006593
-0.006992
-0.007365
-0.007713
-0.008035
-0.008328
-0.008593
-0.008829
-0.009039
-0.009216
-0.009367
-0.009487
-0.009581
-0.009646
-0.009684
-0.009694
-0.009679
-0.009639
-0.009574
-0.009486
-0.009378
-0.009250
-0.009100
-0.008930
-0.008747
-0.008549
-0.008332
-0.008106
-0.007867
-0.007620
-0.007362
-0.007100
-0.006830
-0.006556
-0.006277
-0.005997
-0.005716
-0.005434
-0.005157
-0.004878
-0.004605
-0.004335
-0.004069
-0.003813
-0.003558
-0.003313
-0.003074
-0.002846
-0.002625
-0.002411
-0.002206
-0.002011
-0.001826
-0.001651
-0.001486
-0.001329
-0.001180
-0.001042
-0.000911
-0.000793
-0.000680
-0.000576
-0.000479
-0.000389
-0.000307
-0.000231
-0.000162
-0.000098
-0.000038
0.000016
0.000066
0.000113
0.000156
0.000196
0.000235
0.000272
0.000308
0.000341
0.000376
0.000411
0.000446
0.000482
0.000519
0.000557
0.000596
0.000638
0.000682
0.000729
0.000778
0.000830
0.000885
0.000942
0.001003
0.001066
0.001132
0.001201
0.001273
0.001348
0.001425
0.001504
0.001585
0.001668
0.001752
0.001838
0.001925
0.002012
0.002099
0.002186
0.002272
0.002357
0.002441
0.002523
0.002602
0.002679
0.002753
0.002822
0.002888
0.002949
0.003006
0.003057
0.003103
0.003143
0.003177
0.003205
0.003227
0.003242
0.003251
0.003253
0.003250
0.003241
0.003226
0.003207
0.003183
0.003156
0.003127
0.003095
0.003064
0.003033
0.003006
0.002982
0.002966
0.002957
0.002961
0.002978
0.003012
0.003066
0.003145
0.003250
0.003389
0.003564
0.003780
0.004043
0.004359
0.004734
0.005174
0.005686
0.006278
0.006956
0.007731
0.008608
0.009599
0.010712
0.011956
0.013342
0.014880
0.016580
0.018455
0.020513
0.022767
0.025228
0.027907
0.030816
0.033965
0.037366
0.041029
0.044965
0.049183
0.053692
0.058502
0.063619
0.069051
0.074804
0.080881
0.087287
0.094024
0.101092
0.108489
0.116214
0.124262
0.132627
0.141299
0.150269
0.159529
0.169056
0.178843
0.188864
0.199100
0.209532
0.220123
0.230865
0.241714
0.252659
0.263641
0.274639
0.285633
0.296562
0.307407
0.318100
0.328651
0.338966
0.349060
0.358841
0.368294
0.377388
0.386078
0.394310
0.402100
0.409332
0.415970
0.422104
0.427551
0.432404
0.436584
0.440048
0.442795
0.444809
0.446045
0.446564
0.446259
0.445221
0.443329
0.440643
0.437195
0.432983
0.427856
0.422089
0.415466
0.408142
0.400024
0.391235
0.381744
0.371674
0.360779
0.349365
0.337219
0.324768
0.311523
0.297852
0.283813
0.269104
0.254333
0.238953
0.223267
0.207214
0.191040
0.174622
0.157959
0.141113
0.124146
0.107117
0.089905
0.072754
0.055542
0.038330
0.021301
0.004272
-0.012695
-0.029541
-0.046265
-0.062866
-0.079224
-0.095459
-0.111450
-0.126831
-0.142700
-0.157837
-0.172974
-0.187500
-0.201904
-0.215820
-0.229858
-0.243408
-0.256714
-0.269409
-0.282104
-0.294189
-0.306274
-0.317627
-0.328979
-0.339844
-0.350586
-0.360718
-0.370605
-0.380005
-0.389404
-0.398071
-0.406616
-0.414795
-0.422729
-0.430176
-0.437378
-0.443970
-0.450317
-0.456421
-0.462158
-0.467285
-0.472168
-0.476685
-0.480957
-0.484863
-0.488159
-0.491455
-0.494263
-0.496338
-0.498169
-0.499756
-0.500732
-0.501587
-0.501709
-0.501709
-0.501343
-0.500244
-0.499146
-0.497192
-0.494995
-0.492310
-0.489624
-0.486206
-0.482422
-0.478149
-0.473511
-0.468384
-0.463013
-0.457520
-0.451172
-0.444580
-0.437622
-0.430176
-0.422485
-0.414551
-0.406250
-0.397461
-0.388550
-0.379028
-0.369507
-0.359497
-0.349121
-0.338745
-0.327881
-0.317017
-0.305542
-0.294067
-0.282715
-0.270752
-0.258789
-0.246582
-0.234131
-0.221924
-0.209229
-0.196533
-0.183960
-0.171265
-0.158325
-0.145630
-0.132446
-0.119751
-0.106812
-0.093872
-0.081299
-0.068604
-0.055786
-0.043091
-0.030762
-0.018188
-0.005981
0.006226
0.018188
0.030029
0.041870
0.053345
0.064819
0.075562
0.086670
0.097290
0.107666
0.117920
0.127808
0.137329
0.146973
0.156128
0.165161
0.173584
0.181763
0.189575
0.197388
0.204712
0.211426
0.218140
0.224487
0.230103
0.235840
0.240845
0.245483
0.249756
0.253784
0.257202
0.260376
0.262939
0.265137
0.266846
0.268311
0.269165
0.269775
0.269775
0.269287
0.268433
0.266846
0.265503
0.263184
0.260376
0.257324
0.254028
0.250122
0.245850
0.240967
0.235962
0.230469
0.224487
0.218384
0.212036
0.205200
0.197998
0.190674
0.183228
0.175171
0.167236
0.158691
0.150269
0.141602
0.133057
0.124146
0.115112
0.106079
0.097168
0.088013
0.079102
0.070068
0.061279
0.052490
0.043579
0.035156
0.026611
0.018433
0.010498
0.002686
-0.004883
-0.012329
-0.019409
-0.026367
-0.032959
-0.039062
-0.044922
-0.050659
-0.056030
-0.060913
-0.065552
-0.069946
-0.073730
-0.077148
-0.080566
-0.083374
-0.085815
-0.088013
-0.089600
-0.091187
-0.092285
-0.093140
-0.093750
-0.093994
-0.093994
-0.093628
-0.092773
-0.092041
-0.090820
-0.089722
-0.087891
-0.086182
-0.084229
-0.081909
-0.079956
-0.077393
-0.075073
-0.072144
-0.069458
-0.066772
-0.063965
-0.060791
-0.057861
-0.054932
-0.051880
-0.048706
-0.045776
-0.042847
-0.039673
-0.036743
-0.033936
-0.031128
-0.028320
-0.025757
-0.023071
-0.020630
-0.018311
-0.015869
-0.013550
-0.011597
-0.009521
-0.007568
-0.005615
-0.003906
-0.001953
-0.000488
0.000854
0.002319
0.003906
0.005127
0.006104
0.007690
0.008545
0.009644
0.010376
0.011475
0.012451
0.013428
0.014160
0.014893
0.015747
0.016724
0.017578
0.018433
0.019043
0.019897
0.020630
0.021362
0.022461
0.023193
0.024170
0.024902
0.025879
0.026733
0.027588
0.028687
0.029541
0.030518
0.031616
0.032471
0.033447
0.034424
0.035400
0.036377
0.037354
0.038086
0.039062
0.040039
0.040894
0.041626
0.042480
0.043213
0.043701
0.044434
0.045044
0.045288
0.045654
0.046265
0.046387
0.046631
0.046509
0.046509
0.046265
0.046021
0.045898
0.045410
0.044800
0.044434
0.043457
0.042847
0.041870
0.040894
0.039795
0.038818
0.037476
0.036377
0.034668
0.033203
0.031616
0.030029
0.028198
0.026489
0.024902
0.022949
0.020996
0.019409
0.017456
0.015381
0.013428
0.011719
0.009888
0.007935
0.005859
0.004028
0.002319
0.000610
-0.001221
-0.002808
-0.004395
-0.006104
-0.007324
-0.008789
-0.010010
-0.011353
-0.012329
-0.013550
-0.014526
-0.015381
-0.016235
-0.016968
-0.017578
-0.018311
-0.018677
-0.018921
-0.019409
-0.019531
-0.019775
-0.019531
-0.019653
-0.019531
-0.019531
-0.019165
-0.018799
-0.018677
-0.018188
-0.017822
-0.017334
-0.016968
-0.016602
-0.016235
-0.015625
-0.015015
-0.014771
-0.014160
-0.014038
-0.013794
-0.013550
-0.013428
-0.013062
-0.013184
-0.013184
-0.013184
-0.013550
-0.014038
-0.014404
-0.015137
-0.016113
-0.016968
-0.018188
-0.019653
-0.021118
-0.023071
-0.024902
-0.026978
-0.029663
-0.032104
-0.035034
-0.038086
-0.041382
-0.044800
-0.048950
-0.052979
-0.057129
-0.062256
-0.067017
-0.072021
-0.077637
-0.083374
-0.089355
-0.095825
-0.102173
-0.109009
-0.116089
-0.123413
-0.130981
-0.138672
-0.146606
-0.154907
-0.162842
-0.171753
-0.180176
-0.188965
-0.197754
-0.206543
-0.215576
-0.224731
-0.234009
-0.243042
-0.252075
-0.260864
-0.270020
-0.278687
-0.287354
-0.295898
-0.304321
-0.312256
-0.319824
-0.327393
-0.334351
-0.341187
-0.347656
-0.353760
-0.359375
-0.364502
-0.369019
-0.373291
-0.376709
-0.380005
-0.382568
-0.384521
-0.385864
-0.386597
-0.386719
-0.386230
-0.385132
-0.383423
-0.381104
-0.378174
-0.374512
-0.370117
-0.365234
-0.359619
-0.353394
-0.346924
-0.339722
-0.331787
-0.323242
-0.314209
-0.304688
-0.294678
-0.284546
-0.273682
-0.262329
-0.250488
-0.238403
-0.225952
-0.213379
-0.200439
-0.187317
-0.173767
-0.160095
-0.146423
-0.132507
-0.118408
-0.104309
-0.090149
-0.076111
-0.061890
-0.047852
-0.033752
-0.019775
-0.005920
0.007690
0.021240
0.034607
0.047791
0.060669
0.073364
0.085876
0.098022
0.109802
0.121460
0.132721
0.143555
0.154205
0.164459
0.174347
0.183899
0.193085
0.201904
0.210358
0.218384
0.226105
0.233429
0.240387
0.246948
0.253143
0.259003
0.264450
0.269547
0.274292
0.278671
0.282745
0.286461
0.289833
0.292892
0.295631
0.298050
0.300175
0.302006
0.303553
0.304823
0.305819
0.306562
0.307064
0.307312
0.307339
0.307129
0.306717
0.306084
0.305252
0.304253
0.303055
0.301682
0.300171
0.298492
0.296646
0.294693
0.292587
0.290344
0.288010
0.285507
0.282974
0.280273
0.277512
0.274628
0.271683
0.268677
0.265594
0.262360
0.259186
0.255829
0.252533
0.249115
0.245636
0.242126
0.238586
0.235016
0.231354
0.227692
0.224060
0.220367
0.216583
0.212799
0.209045
0.205261
0.201385
0.197571
0.193726
0.189819
0.186005
0.182129
0.178192
0.174316
0.170380
0.166473
0.162537
0.158630
0.154694
0.150787
0.146881
0.143005
0.139130
0.135223
0.131256
0.127441
0.123566
0.119659
0.115875
0.112030
0.108185
0.104401
0.100586
0.096802
0.093018
0.089325
0.085571
0.081970
0.078247
0.074646
0.071045
0.067459
0.063934
0.060394
0.056915
0.053467
0.050079
0.046722
0.043365
0.040054
0.036850
0.033646
0.030472
0.027328
0.024292
0.021301
0.018341
0.015411
0.012573
0.009796
0.007065
0.004379
0.001770
-0.000793
-0.003296
-0.005753
-0.008102
-0.010391
-0.012665
-0.014832
-0.016922
-0.018951
-0.020935
-0.022850
-0.024681
-0.026443
-0.028137
-0.029770
-0.031326
-0.032845
-0.034279
-0.035637
-0.036942
-0.038177
-0.039352
-0.040474
-0.041527
-0.042522
-0.043465
-0.044342
-0.045177
-0.045952
-0.046677
-0.047356
-0.047989
-0.048573
-0.049116
-0.049622
-0.050087
-0.050518
-0.050913
-0.051279
-0.051614
-0.051921
-0.052204
-0.052462
-0.052699
-0.052915
-0.053115
-0.053297
-0.053464
-0.053618
-0.053759
