0.000014
0.000068
0.000174
0.000329
0.000527
0.000765
0.001040
0.001346
0.001680
0.002038
0.002415
0.002807
0.003209
0.003619
0.004032
0.004443
0.004850
0.005248
0.005635
0.006005
0.006358
0.006689
0.006995
0.007275
0.007526
0.007746
0.007932
0.008084
0.008201
0.008280
0.008321
0.008323
0.008287
0.008212
0.008098
0.007946
0.007756
0.007529
0.007266
0.006968
0.006637
0.006274
0.005881
0.005460
0.005013
0.004542
0.004050
0.003538
0.003009
0.002466
0.001911
0.001347
0.000776
0.000201
-0.000376
-0.000953
-0.001526
-0.002093
-0.002652
-0.003201
-0.003738
-0.004260
-0.004766
-0.005254
-0.005722
-0.006168
-0.006592
-0.006992
-0.007366
-0.007714
-0.008035
-0.008329
-0.008594
-0.008830
-0.009038
-0.009217
-0.009367
-0.009488
-0.009581
-0.009646
-0.009683
-0.009694
-0.009679
-0.009639
-0.009575
-0.009488
-0.009379
-0.009249
-0.009099
-0.008932
-0.008748
-0.008548
-0.008333
-0.008107
-0.007868
-0.007620
-0.007363
-0.007099
-0.006829
-0.006555
-0.006277
-0.005997
-0.005716
-0.005435
-0.005156
-0.004878
-0.004605
-0.004335
-0.004070
-0.003811
-0.003558
-0.003313
-0.003075
-0.002845
-0.002623
-0.002410
-0.002207
-0.002012
-0.001827
-0.001651
-0.001485
-0.001328
-0.001180
-0.001042
-0.000912
-0.000791
-0.000679
-0.000575
-0.000478
-0.000389
-0.000307
-0.000231
-0.000161
-0.000097
-0.000038
0.000016
0.000066
0.000113
0.000156
0.000197
0.000235
0.000272
0.000308
0.000342
0.000377
0.000411
0.000446
0.000482
0.000519
0.000557
0.000597
0.000639
0.000683
0.000729
0.000778
0.000830
0.000885
0.000943
0.001003
0.001066
0.001133
0.001202
0.001274
0.001348
0.001425
0.001504
0.001585
0.001668
0.001753
0.001839
0.001925
0.002012
0.002099
0.002186
0.002273
0.002358
0.002442
0.002523
0.002603
0.002680
0.002753
0.002823
0.002889
0.002950
0.003006
0.003058
0.003103
0.003143
0.003177
0.003205
0.003227
0.003242
0.003251
0.003254
0.003250
0.003241
0.003227
0.003207
0.003184
0.003157
0.003127
0.003096
0.003064
0.003034
0.003006
0.002983
0.002966
0.002958
0.002961
0.002978
0.003012
0.003066
0.003144
0.003250
0.003389
0.003563
0.003780
0.004043
0.004359
0.004734
0.005174
0.005686
0.006278
0.006956
0.007730
0.008608
0.009599
0.010712
0.011956
0.013342
0.014880
0.016580
0.018454
0.020513
0.022767
0.025228
0.027907
0.030816
0.033965
0.037366
0.041029
0.044964
0.049182
0.053692
0.058501
0.063619
0.069051
0.074803
0.080880
0.087286
0.094023
0.101090
0.108488
0.116213
0.124261
0.132626
0.141299
0.150270
0.159527
0.169056
0.178840
0.188861
0.199097
0.209527
0.220125
0.230865
0.241718
0.252654
0.263640
0.274643
0.285628
0.296558
0.307396
0.318103
0.328640
0.338968
0.349047
0.358837
0.368297
0.377389
0.386073
0.394312
0.402067
0.409305
0.415989
0.422087
0.427569
0.432406
0.436570
0.440038
0.442788
0.444799
0.446056
0.446545
0.446254
0.445175
0.443303
0.440634
0.437170
0.432913
0.427870
0.422048
0.415460
0.408118
0.400040
0.391243
0.381748
0.371579
0.360759
0.349315
0.337276
0.324670
0.311528
0.297882
0.283764
0.269208
0.254248
0.238917
0.223250
0.207282
0.191047
0.174580
0.157913
0.141081
0.124115
0.107048
0.089912
0.072735
0.055547
0.038375
0.021248
0.004190
-0.012775
-0.029623
-0.046333
-0.062885
-0.079259
-0.095437
-0.111403
-0.127143
-0.142641
-0.157886
-0.172866
-0.187570
-0.201989
-0.216115
-0.229939
-0.243456
-0.256660
-0.269546
-0.282109
-0.294346
-0.306253
-0.317827
-0.329067
-0.339969
-0.350533
-0.360756
-0.370638
-0.380177
-0.389371
-0.398219
-0.406721
-0.414874
-0.422677
-0.430128
-0.437227
-0.443971
-0.450357
-0.456384
-0.462050
-0.467351
-0.472286
-0.476852
-0.481044
-0.484862
-0.488301
-0.491358
-0.494030
-0.496314
-0.498207
-0.499706
-0.500808
-0.501510
-0.501809
-0.501704
-0.501192
-0.500272
-0.498941
-0.497200
-0.495047
-0.492482
-0.489506
-0.486119
-0.482323
-0.478120
-0.473512
-0.468502
-0.463094
-0.457292
-0.451101
-0.444528
-0.437577
-0.430256
-0.422573
-0.414535
-0.406152
-0.397432
-0.388386
-0.379024
-0.369357
-0.359398
-0.349157
-0.338647
-0.327881
-0.316874
-0.305637
-0.294187
-0.282536
-0.270699
-0.258691
-0.246528
-0.234224
-0.221795
-0.209255
-0.196621
-0.183907
-0.171130
-0.158303
-0.145443
-0.132564
-0.119681
-0.106809
-0.093962
-0.081155
-0.068402
-0.055715
-0.043110
-0.030599
-0.018195
-0.005910
0.006242
0.018250
0.030102
0.041786
0.053291
0.064607
0.075721
0.086625
0.097306
0.107756
0.117964
0.127921
0.137616
0.147040
0.156185
0.165040
0.173597
0.181846
0.189779
0.197387
0.204661
0.211593
0.218174
0.224395
0.230249
0.235728
0.240823
0.245528
0.249835
0.253737
0.257228
0.260301
0.262951
0.265173
0.266961
0.268313
0.269224
0.269693
0.269717
0.269295
0.268428
0.267117
0.265363
0.263170
0.260542
0.257483
0.254001
0.250102
0.245796
0.241092
0.236001
0.230536
0.224710
0.218537
0.212034
0.205216
0.198101
0.190709
0.183058
0.175169
0.167064
0.158763
0.150289
0.141666
0.132917
0.124064
0.115133
0.106147
0.097131
0.088108
0.079102
0.070138
0.061238
0.052425
0.043722
0.035150
0.026731
0.018485
0.010432
0.002590
-0.005024
-0.012392
-0.019499
-0.026331
-0.032874
-0.039116
-0.045048
-0.050658
-0.055939
-0.060885
-0.065488
-0.069746
-0.073654
-0.077212
-0.080418
-0.083274
-0.085782
-0.087945
-0.089767
-0.091253
-0.092411
-0.093248
-0.093773
-0.093995
-0.093924
-0.093572
-0.092950
-0.092072
-0.090951
-0.089599
-0.088032
-0.086263
-0.084308
-0.082181
-0.079899
-0.077475
-0.074926
-0.072267
-0.069512
-0.066676
-0.063774
-0.060820
-0.057828
-0.054812
-0.051783
-0.048754
-0.045737
-0.042742
-0.039780
-0.036860
-0.033991
-0.031181
-0.028436
-0.025764
-0.023170
-0.020657
-0.018231
-0.015894
-0.013648
-0.011496
-0.009437
-0.007472
-0.005599
-0.003819
-0.002129
-0.000525
0.000993
0.002431
0.003792
0.005080
0.006300
0.007456
0.008554
0.009599
0.010596
0.011550
0.012468
0.013354
0.014213
0.015051
0.015872
0.016682
0.017484
0.018283
0.019082
0.019885
0.020695
0.021515
0.022346
0.023190
0.024050
0.024924
0.025815
0.026721
0.027643
0.028578
0.029526
0.030485
0.031451
0.032423
0.033397
0.034371
0.035339
0.036297
0.037242
0.038169
0.039073
0.039949
0.040793
0.041598
0.042359
0.043073
0.043732
0.044334
0.044872
0.045342
0.045739
0.046060
0.046300
0.046455
0.046523
0.046501
0.046385
0.046174
0.045867
0.045462
0.044958
0.044355
0.043654
0.042855
0.041961
0.040971
0.039889
0.038718
0.037461
0.036121
0.034703
0.033211
0.031650
0.030025
0.028343
0.026609
0.024828
0.023008
0.021156
0.019277
0.017379
0.015469
0.013553
0.011639
0.009734
0.007844
0.005976
0.004138
0.002334
0.000572
-0.001142
-0.002804
-0.004407
-0.005947
-0.007418
-0.008818
-0.010141
-0.011385
-0.012547
-0.013624
-0.014614
-0.015515
-0.016327
-0.017049
-0.017681
-0.018224
-0.018678
-0.019044
-0.019326
-0.019525
-0.019644
-0.019686
-0.019656
-0.019558
-0.019395
-0.019175
-0.018901
-0.018580
-0.018218
-0.017822
-0.017399
-0.016956
-0.016501
-0.016041
-0.015584
-0.015140
-0.014716
-0.014321
-0.013964
-0.013655
-0.013403
-0.013217
-0.013106
-0.013081
-0.013150
-0.013324
-0.013613
-0.014025
-0.014571
-0.015260
-0.016102
-0.017107
-0.018283
-0.019639
-0.021186
-0.022931
-0.024882
-0.027049
-0.029438
-0.032058
-0.034914
-0.038014
-0.041363
-0.044967
-0.048830
-0.052957
-0.057351
-0.062014
-0.066949
-0.072155
-0.077633
-0.083381
-0.089398
-0.095681
-0.102224
-0.109022
-0.116069
-0.123356
-0.130874
-0.138613
-0.146560
-0.154702
-0.163025
-0.171512
-0.180147
-0.188911
-0.197784
-0.206745
-0.215771
-0.224840
-0.233928
-0.243007
-0.252054
-0.261040
-0.269938
-0.278719
-0.287355
-0.295816
-0.304074
-0.312098
-0.319860
-0.327331
-0.334481
-0.341282
-0.347706
-0.353727
-0.359318
-0.364454
-0.369112
-0.373268
-0.376902
-0.379995
-0.382526
-0.384482
-0.385846
-0.386607
-0.386753
-0.386277
-0.385170
-0.383430
-0.381052
-0.378037
-0.374387
-0.370105
-0.365196
-0.359670
-0.353536
-0.346805
-0.339491
-0.331610
-0.323179
-0.314216
-0.304742
-0.294778
-0.284348
-0.273475
-0.262185
-0.250505
-0.238460
-0.226079
-0.213391
-0.200423
-0.187207
-0.173770
-0.160143
-0.146355
-0.132436
-0.118415
-0.104322
-0.090184
-0.076031
-0.061888
-0.047785
-0.033746
-0.019797
-0.005962
0.007734
0.021270
0.034624
0.047776
0.060706
0.073396
0.085828
0.097988
0.109860
0.121431
0.132689
0.143621
0.154219
0.164474
0.174378
0.183923
0.193106
0.201921
0.210365
0.218435
0.226131
0.233451
0.240397
0.246968
0.253168
0.258999
0.264464
0.269568
0.274315
0.278711
0.282762
0.286473
0.289852
0.292905
0.295641
0.298067
0.300191
0.302021
0.303566
0.304835
0.305836
0.306578
0.307070
0.307322
0.307341
0.307136
0.306717
0.306093
0.305271
0.304260
0.303069
0.301706
0.300179
0.298495
0.296663
0.294690
0.292582
0.290347
0.287993
0.285524
0.282948
0.280271
0.277498
0.274635
0.271688
0.268661
0.265560
0.262389
0.259153
0.255855
0.252501
0.249093
0.245636
0.242134
0.238588
0.235003
0.231381
0.227725
0.224039
0.220323
0.216582
0.212816
0.209029
0.205222
0.201397
0.197556
0.193701
0.189833
0.185954
0.182066
0.178170
0.174267
0.170359
0.166447
0.162533
0.158618
0.154702
0.150788
0.146876
0.142968
0.139064
0.135167
0.131277
0.127395
0.123523
0.119661
0.115812
0.111975
0.108153
0.104347
0.100557
0.096786
0.093034
0.089303
0.085594
0.081909
0.078249
0.074615
0.071009
0.067432
0.063886
0.060372
0.056891
0.053446
0.050038
0.046667
0.043337
0.040047
0.036801
0.033599
0.030443
0.027334
0.024274
0.021265
0.018307
0.015402
0.012553
0.009759
0.007022
0.004344
0.001726
-0.000831
-0.003327
-0.005760
-0.008128
-0.010432
-0.012671
-0.014844
-0.016950
-0.018988
-0.020960
-0.022863
-0.024699
-0.026467
-0.028167
-0.029800
-0.031365
-0.032864
-0.034296
-0.035663
-0.036965
-0.038204
-0.039379
-0.040494
-0.041548
-0.042543
-0.043481
-0.044364
-0.045192
-0.045968
-0.046694
-0.047371
-0.048002
-0.048589
-0.049133
-0.049637
-0.050102
-0.050532
-0.050928
-0.051292
-0.051627
-0.051934
-0.052215
-0.052473
-0.052710
-0.052926
-0.053125
-0.053307
-0.053474
-0.053627
-0.053768
