1.383300696033984423e-05
6.827161996625363827e-05
1.744278561091050506e-04
3.285710117779672146e-04
5.268314271233975887e-04
7.652241620235145092e-04
1.039672759361565113e-03
1.346032368019223213e-03
1.680112793110311031e-03
2.037700498476624489e-03
2.414581365883350372e-03
2.806561300531029701e-03
3.209488233551383018e-03
3.619271563366055489e-03
4.031901713460683823e-03
4.443469922989606857e-03
4.850185010582208633e-03
5.248392466455698013e-03
5.634588189423084259e-03
6.005435250699520111e-03
6.357778329402208328e-03
6.688655354082584381e-03
6.995310075581073761e-03
7.275202311575412750e-03
7.526018191128969193e-03
7.745676208287477493e-03
7.932334206998348236e-03
8.084395900368690491e-03
8.200512267649173737e-03
8.279586210846900940e-03
8.320771157741546631e-03
8.323471993207931519e-03
8.287341333925724030e-03
8.212277665734291077e-03
8.098419755697250366e-03
7.946141995489597321e-03
7.756045553833246231e-03
7.528949063271284103e-03
7.265882100909948349e-03
6.968072615563869476e-03
6.636936217546463013e-03
6.274063140153884888e-03
5.881205201148986816e-03
5.460263229906558990e-03
5.013271234929561615e-03
4.542382434010505676e-03
4.049854818731546402e-03
3.538033692166209221e-03
3.009338164702057838e-03
2.466244623064994812e-03
1.911271014250814915e-03
1.346961944364011288e-03
7.758729043416678905e-04
2.005556598305702209e-04
-3.764564462471753359e-04
-9.526623762212693691e-04
-1.525607192888855934e-03
-2.092894632369279861e-03
-2.652199473232030869e-03
-3.201279090717434883e-03
-3.737983759492635727e-03
-4.260267131030559540e-03
-4.766195081174373627e-03
-5.253952927887439728e-03
-5.721853580325841904e-03
-6.168343126773834229e-03
-6.592007353901863098e-03
-6.991572678089141846e-03
-7.365914527326822281e-03
-7.714054547250270844e-03
-8.035166189074516296e-03
-8.328572846949100494e-03
-8.593746460974216461e-03
-8.830310776829719543e-03
-9.038032963871955872e-03
-9.216826409101486206e-03
-9.366743266582489014e-03
-9.487970732152462006e-03
-9.580826386809349060e-03
-9.645754471421241760e-03
-9.683316573500633240e-03
-9.694186039268970490e-03
-9.679141454398632050e-03
-9.639057330787181854e-03
-9.574898518621921539e-03
-9.487709961831569672e-03
-9.378610178828239441e-03
-9.248781017959117889e-03
-9.099461138248443604e-03
-8.931933902204036713e-03
-8.747522719204425812e-03
-8.547580800950527191e-03
-8.333480916917324066e-03
-8.106611669063568115e-03
-7.868365384638309479e-03
-7.620130199939012527e-03
-7.363286335021257401e-03
-7.099196780472993851e-03
-6.829198449850082397e-03
-6.554600317031145096e-03
-6.276672706007957458e-03
-5.996645893901586533e-03
-5.715702194720506668e-03
-5.434973165392875671e-03
-5.155533552169799805e-03
-4.878399893641471863e-03
-4.604526795446872711e-03
-4.334803204983472824e-03
-4.070051014423370361e-03
-3.811023198068141937e-03
-3.558404045179486275e-03
-3.312806133180856705e-03
-3.074771491810679436e-03
-2.844770671799778938e-03
-2.623205306008458138e-03
-2.410406479611992836e-03
-2.206637756898999214e-03
-2.012096578255295753e-03
-1.826915540732443333e-03
-1.651165192015469074e-03
-1.484856125898659229e-03
-1.327942474745213985e-03
-1.180324121378362179e-03
-1.041850075125694275e-03
-9.123217896558344364e-04
-7.914964808151125908e-04
-6.790906772948801517e-04
-5.747837130911648273e-04
-4.782215401064604521e-04
-3.890201624017208815e-04
-3.067694196943193674e-04
-2.310366107849404216e-04
-1.613701315363869071e-04
-9.730289457365870476e-05
-3.835590177914127707e-05
1.595831781742163002e-05
6.613233563257381320e-05
1.126606002799235284e-04
1.560363307362422347e-04
1.967485004570335150e-04
2.352792071178555489e-04
2.721007913351058960e-04
3.076733555644750595e-04
3.424423339311033487e-04
3.768361348193138838e-04
4.112640453968197107e-04
4.461141361389309168e-04
4.817516019102185965e-04
5.185169866308569908e-04
5.567250773310661316e-04
5.966631579212844372e-04
6.385897286236286163e-04
6.827335455454885960e-04
7.292925147339701653e-04
7.784332265146076679e-04
8.302901405841112137e-04
8.849651203490793705e-04
9.425272583030164242e-04
1.003012061119079590e-03
1.066421624273061752e-03
1.132725039497017860e-03
1.201858161948621273e-03
1.273724017664790154e-03
1.348193036392331123e-03
1.425104332156479359e-03
1.504265936091542244e-03
1.585456309840083122e-03
1.668424811214208603e-03
1.752893440425395966e-03
1.838558469898998737e-03
1.925091957673430443e-03
2.012143377214670181e-03
2.099342178553342819e-03
2.186299534514546394e-03
2.272611251100897789e-03
2.357860561460256577e-03
2.441619988530874252e-03
2.523455768823623657e-03
2.602930646389722824e-03
2.679607830941677094e-03
2.753054723143577576e-03
2.822847804054617882e-03
2.888574963435530663e-03
2.949842251837253571e-03
3.006278071552515030e-03
3.057537833228707314e-03
3.103310242295265198e-03
3.143322188407182693e-03
3.177345963194966316e-03
3.205204382538795471e-03
3.226778004318475723e-03
3.242012578994035721e-03
3.250925336033105850e-03
3.253613132983446121e-03
3.250260371714830399e-03
3.241147613152861595e-03
3.226660657674074173e-03
3.207298461347818375e-03
3.183684544637799263e-03
3.156575839966535568e-03
3.126873634755611420e-03
3.095633815973997116e-03
3.064078977331519127e-03
3.033609827980399132e-03
3.005818231031298637e-03
2.982500242069363594e-03
2.965667750686407089e-03
2.957563148811459541e-03
2.960673766210675240e-03
2.977744909003376961e-03
3.011795226484537125e-03
3.066130215302109718e-03
3.144357819110155106e-03
3.250401699915528297e-03
3.388516837731003761e-03
3.563301870599389076e-03
3.779713064432144165e-03
4.043075256049633026e-03
4.359093960374593735e-03
4.733865149319171906e-03
5.173881538212299347e-03
5.686042364686727524e-03
6.277651526033878326e-03
6.956424564123153687e-03
7.730481680482625961e-03
8.608345873653888702e-03
9.598934091627597809e-03
1.071154233068227768e-02
1.195583026856184006e-02
1.334179658442735672e-02
1.487975474447011948e-02
1.658030040562152863e-02
1.845426857471466064e-02
2.051269449293613434e-02
2.276676334440708160e-02
2.522774599492549896e-02
2.790694683790206909e-02
3.081562556326389313e-02
3.396492823958396912e-02
3.736579418182373047e-02
4.102889075875282288e-02
4.496449232101440430e-02
4.918240010738372803e-02
5.369183421134948730e-02
5.850133299827575684e-02
6.361863017082214355e-02
6.905055046081542969e-02
7.480289787054061890e-02
8.088032156229019165e-02
8.728624880313873291e-02
9.402270615100860596e-02
1.010902747511863708e-01
1.084879487752914429e-01
1.162130311131477356e-01
1.242610663175582886e-01
1.326257586479187012e-01
1.412988752126693726e-01
1.502701789140701294e-01
1.595274209976196289e-01
1.690562516450881958e-01
1.788402348756790161e-01
1.888608187437057495e-01
1.990973651409149170e-01
2.095271199941635132e-01
2.201253473758697510e-01
2.308652848005294800e-01
2.417183220386505127e-01
2.526540160179138184e-01
2.636401951313018799e-01
2.746432125568389893e-01
2.856279015541076660e-01
2.965578734874725342e-01
3.073956668376922607e-01
3.181028366088867188e-01
3.286402821540832520e-01
3.389684259891510010e-01
3.490472435951232910e-01
3.588367998600006104e-01
3.682972192764282227e-01
3.773889541625976562e-01
3.860731422901153564e-01
3.943116068840026855e-01
4.020673632621765137e-01
4.093045294284820557e-01
4.159887135028839111e-01
4.220872521400451660e-01
4.275692403316497803e-01
4.324057698249816895e-01
4.365701973438262939e-01
4.400380849838256836e-01
4.427875280380249023e-01
4.447991549968719482e-01
4.460562765598297119e-01
4.465449154376983643e-01
4.462539255619049072e-01
4.451749622821807861e-01
4.433025717735290527e-01
4.406342208385467529e-01
4.371701180934906006e-01
4.329133927822113037e-01
4.278699457645416260e-01
4.220483601093292236e-01
4.154598712921142578e-01
4.081182777881622314e-01
4.000397324562072754e-01
3.912428319454193115e-01
3.817482590675354004e-01
3.715787827968597412e-01
3.607590496540069580e-01
3.493154644966125488e-01
3.372759521007537842e-01
3.246699571609497070e-01
3.115280866622924805e-01
2.978819608688354492e-01
2.837642133235931396e-01
2.692081630229949951e-01
2.542475759983062744e-01
2.389167398214340210e-01
2.232500761747360229e-01
2.072820961475372314e-01
1.910471916198730469e-01
1.745795309543609619e-01
1.579128950834274292e-01
1.410805433988571167e-01
1.241150945425033569e-01
1.070484369993209839e-01
8.991158753633499146e-02
7.273463159799575806e-02
5.554660037159919739e-02
3.837544471025466919e-02
2.124794013798236847e-02
4.189646337181329727e-03
-1.277513708919286728e-02
-2.962339669466018677e-02
-4.633343219757080078e-02
-6.288485974073410034e-02
-7.925862073898315430e-02
-9.543696790933609009e-02
-1.114034727215766907e-01
-1.271429508924484253e-01
-1.426414847373962402e-01
-1.578863710165023804e-01
-1.728660315275192261e-01
-1.875700354576110840e-01
-2.019890099763870239e-01
-2.161145359277725220e-01
-2.299391925334930420e-01
-2.434563785791397095e-01
-2.566603422164916992e-01
-2.695460021495819092e-01
-2.821090221405029297e-01
-2.943456172943115234e-01
-3.062525391578674316e-01
-3.178269565105438232e-01
-3.290665149688720703e-01
-3.399691283702850342e-01
-3.505329787731170654e-01
-3.607564866542816162e-01
-3.706381916999816895e-01
-3.801767528057098389e-01
-3.893708884716033936e-01
-3.982192873954772949e-01
-4.067206680774688721e-01
-4.148736596107482910e-01
-4.226768016815185547e-01
-4.301284849643707275e-01
-4.372270107269287109e-01
-4.439705312252044678e-01
-4.503569900989532471e-01
-4.563842415809631348e-01
-4.620499014854431152e-01
-4.673514962196350098e-01
-4.722863137722015381e-01
-4.768516123294830322e-01
-4.810444414615631104e-01
-4.848617911338806152e-01
-4.883005917072296143e-01
-4.913576543331146240e-01
-4.940298497676849365e-01
-4.963140189647674561e-01
-4.982070624828338623e-01
-4.997059106826782227e-01
-5.008077025413513184e-01
-5.015096664428710938e-01
-5.018092393875122070e-01
-5.017040967941284180e-01
-5.011922121047973633e-01
-5.002717375755310059e-01
-4.989413321018218994e-01
-4.971999526023864746e-01
-4.950470030307769775e-01
-4.924822747707366943e-01
-4.895061254501342773e-01
-4.861193597316741943e-01
-4.823233187198638916e-01
-4.781199395656585693e-01
-4.735116958618164062e-01
-4.685017168521881104e-01
-4.630936384201049805e-01
-4.572918415069580078e-01
-4.511012732982635498e-01
-4.445275366306304932e-01
-4.375768601894378662e-01
-4.302560985088348389e-01
-4.225727915763854980e-01
-4.145350754261016846e-01
-4.061517119407653809e-01
-3.974320292472839355e-01
-3.883860111236572266e-01
-3.790241479873657227e-01
-3.693574666976928711e-01
-3.593975901603698730e-01
-3.491565287113189697e-01
-3.386468291282653809e-01
-3.278814554214477539e-01
-3.168737590312957764e-01
-3.056374788284301758e-01
-2.941866219043731689e-01
-2.825355529785156250e-01
-2.706988453865051270e-01
-2.586913704872131348e-01
-2.465280890464782715e-01
-2.342241406440734863e-01
-2.217947840690612793e-01
-2.092553079128265381e-01
-1.966210901737213135e-01
-1.839074641466140747e-01
-1.711297333240509033e-01
-1.583031415939331055e-01
-1.454428285360336304e-01
-1.325637996196746826e-01
-1.196809336543083191e-01
-1.068089008331298828e-01
-9.396218508481979370e-02
-8.115504682064056396e-02
-6.840151548385620117e-02
-5.571534857153892517e-02
-4.311006516218185425e-02
-3.059889562427997589e-02
-1.819480024278163910e-02
-5.910448264330625534e-03
6.241769529879093170e-03
1.824974641203880310e-02
3.010165132582187653e-02
4.178592935204505920e-02
5.329128727316856384e-02
6.460668891668319702e-02
7.572133094072341919e-02
8.662465214729309082e-02
9.730629622936248779e-02
1.077561303973197937e-01
1.179641708731651306e-01
1.279206424951553345e-01
1.376159042119979858e-01
1.470404565334320068e-01
1.561849713325500488e-01
1.650401800870895386e-01
1.735969930887222290e-01
1.818463653326034546e-01
1.897794008255004883e-01
1.973872780799865723e-01
2.046613097190856934e-01
2.115928977727890015e-01
2.181735783815383911e-01
2.243950217962265015e-01
2.302490770816802979e-01
2.357277572154998779e-01
2.408232837915420532e-01
2.455281466245651245e-01
2.498350888490676880e-01
2.537371814250946045e-01
2.572278976440429688e-01
2.603010535240173340e-01
2.629509866237640381e-01
2.651725113391876221e-01
2.669610679149627686e-01
2.683126628398895264e-01
2.692239880561828613e-01
2.696925401687622070e-01
2.697165906429290771e-01
2.692951858043670654e-01
2.684283852577209473e-01
2.671171426773071289e-01
2.653634548187255859e-01
2.631703019142150879e-01
2.605417966842651367e-01
2.574831247329711914e-01
2.540006935596466064e-01
2.501019835472106934e-01
2.457957118749618530e-01
2.410917133092880249e-01
2.360010892152786255e-01
2.305360287427902222e-01
2.247099131345748901e-01
2.185372710227966309e-01
2.120336890220642090e-01
2.052158415317535400e-01
1.981014162302017212e-01
1.907090544700622559e-01
1.830582767724990845e-01
1.751694679260253906e-01
1.670637428760528564e-01
1.587629318237304688e-01
1.502894461154937744e-01
1.416662037372589111e-01
1.329165697097778320e-01
1.240642145276069641e-01
1.151330843567848206e-01
1.061472371220588684e-01
9.713079780340194702e-02
8.810781687498092651e-02
7.910222560167312622e-02
7.013770192861557007e-02
6.123759225010871887e-02
5.242480337619781494e-02
4.372174292802810669e-02
3.515021130442619324e-02
2.673132531344890594e-02
1.848543807864189148e-02
1.043206825852394104e-02
2.589833457022905350e-03
-5.023623351007699966e-03
-1.239168457686901093e-02
-1.949881576001644135e-02
-2.633061259984970093e-02
-3.287384286522865295e-02
-3.911648318171501160e-02
-4.504775255918502808e-02
-5.065813660621643066e-02
-5.593939870595932007e-02
-6.088460981845855713e-02
-6.548813730478286743e-02
-6.974565237760543823e-02
-7.365414500236511230e-02
-7.721187174320220947e-02
-8.041838556528091431e-02
-8.327449113130569458e-02
-8.578222244977951050e-02
-8.794480562210083008e-02
-8.976664394140243530e-02
-9.125325828790664673e-02
-9.241124987602233887e-02
-9.324824064970016479e-02
-9.377285093069076538e-02
-9.399459511041641235e-02
-9.392387419939041138e-02
-9.357186406850814819e-02
-9.295048564672470093e-02
-9.207233041524887085e-02
-9.095057845115661621e-02
-8.959891647100448608e-02
-8.803150802850723267e-02
-8.626287430524826050e-02
-8.430782705545425415e-02
-8.218142390251159668e-02
-7.989884912967681885e-02
-7.747535407543182373e-02
-7.492621243000030518e-02
-7.226660102605819702e-02
-6.951154768466949463e-02
-6.667586416006088257e-02
-6.377407908439636230e-02
-6.082035973668098450e-02
-5.782847106456756592e-02
-5.481169745326042175e-02
-5.178280547261238098e-02
-4.875396937131881714e-02
-4.573674872517585754e-02
-4.274204000830650330e-02
-3.978002816438674927e-02
-3.686016798019409180e-02
-3.399114683270454407e-02
-3.118087723851203918e-02
-2.843646146357059479e-02
-2.576419897377490997e-02
-2.316956408321857452e-02
-2.065722271800041199e-02
-1.823102124035358429e-02
-1.589400880038738251e-02
-1.364844106137752533e-02
-1.149581093341112137e-02
-9.436865337193012238e-03
-7.471634075045585632e-03
-5.599467549473047256e-03
-3.819065866991877556e-03
-2.128524240106344223e-03
-5.253718700259923935e-04
9.933797409757971764e-04
2.431190805509686470e-03
3.791943890973925591e-03
5.079892929643392563e-03
6.299611181020736694e-03
7.455937564373016357e-03
8.553924970328807831e-03
9.598783217370510101e-03
1.059583108872175217e-02
1.155043765902519226e-02
1.246797852218151093e-02
1.335377991199493408e-02
1.421307306736707687e-02
1.505094673484563828e-02
1.587230712175369263e-02
1.668182946741580963e-02
1.748392730951309204e-02
1.828270964324474335e-02
1.908195205032825470e-02
1.988506689667701721e-02
2.069507539272308350e-02
2.151458524167537689e-02
2.234577760100364685e-02
2.319038100540637970e-02
2.404966950416564941e-02
2.492444775998592377e-02
2.581505291163921356e-02
2.672134898602962494e-02
2.764273248612880707e-02
2.857813797891139984e-02
2.952604927122592926e-02
3.048451431095600128e-02
3.145115450024604797e-02
3.242320194840431213e-02
3.339749947190284729e-02
3.437054157257080078e-02
3.533850237727165222e-02
3.629725798964500427e-02
3.724243119359016418e-02
3.816941753029823303e-02
3.907341882586479187e-02
3.994949162006378174e-02
4.079258441925048828e-02
4.159757122397422791e-02
4.235929623246192932e-02
4.307261481881141663e-02
4.373243451118469238e-02
4.433376342058181763e-02
4.487172886729240417e-02
4.534164443612098694e-02
4.573902860283851624e-02
4.605965316295623779e-02
4.629956930875778198e-02
4.645514860749244690e-02
4.652310535311698914e-02
4.650054126977920532e-02
4.638495668768882751e-02
4.617427289485931396e-02
4.586687311530113220e-02
4.546159878373146057e-02
4.495776072144508362e-02
4.435517638921737671e-02
4.365415126085281372e-02
4.285549372434616089e-02
4.196050763130187988e-02
4.097100719809532166e-02
3.988928347826004028e-02
3.871811926364898682e-02
3.746077045798301697e-02
3.612093254923820496e-02
3.470274433493614197e-02
3.321074694395065308e-02
3.164987638592720032e-02
3.002541884779930115e-02
2.834299765527248383e-02
2.660852670669555664e-02
2.482818439602851868e-02
2.300838008522987366e-02
2.115571312606334686e-02
1.927693560719490051e-02
1.737892255187034607e-02
1.546861790120601654e-02
1.355301123112440109e-02
1.163908652961254120e-02
9.733791463077068329e-03
7.843995466828346252e-03
5.976450629532337189e-03
4.137760959565639496e-03
2.334339544177055359e-03
5.723790382035076618e-04
-1.142183900810778141e-03
-2.803698182106018066e-03
-4.406828898936510086e-03
-5.946581717580556870e-03
-7.418332155793905258e-03
-8.817845955491065979e-03
-1.014130190014839172e-02
-1.138531044125556946e-02
-1.254692766815423965e-02
-1.362367346882820129e-02
-1.461353991180658340e-02
-1.551500242203474045e-02
-1.632702909409999847e-02
-1.704908162355422974e-02
-1.768112368881702423e-02
-1.822361536324024200e-02
-1.867751777172088623e-02
-1.904428750276565552e-02
-1.932586915791034698e-02
-1.952469535171985626e-02
-1.964367181062698364e-02
-1.968617364764213562e-02
-1.965603232383728027e-02
-1.955752260982990265e-02
-1.939534954726696014e-02
-1.917463168501853943e-02
-1.890089176595211029e-02
-1.858003623783588409e-02
-1.821834594011306763e-02
-1.782244443893432617e-02
-1.739929616451263428e-02
-1.695617847144603729e-02
-1.650066673755645752e-02
-1.604061946272850037e-02
-1.558415219187736511e-02
-1.513962261378765106e-02
-1.471561286598443985e-02
-1.432090904563665390e-02
-1.396447978913784027e-02
-1.365546137094497681e-02
-1.340313255786895752e-02
-1.321689970791339874e-02
-1.310627348721027374e-02
-1.308085117489099503e-02
-1.315028965473175049e-02
-1.332428865134716034e-02
-1.361256837844848633e-02
-1.402484159916639328e-02
-1.457079499959945679e-02
-1.526006031781435013e-02
-1.610218733549118042e-02
-1.710661873221397400e-02
-1.828265748918056488e-02
-1.963944174349308014e-02
-2.118590660393238068e-02
-2.293074876070022583e-02
-2.488239482045173645e-02
-2.704896405339241028e-02
-2.943822182714939117e-02
-3.205754607915878296e-02
-3.491387516260147095e-02
-3.801367059350013733e-02
-4.136286675930023193e-02
-4.496681690216064453e-02
-4.883025214076042175e-02
-5.295721814036369324e-02
-5.735103785991668701e-02
-6.201424822211265564e-02
-6.694854795932769775e-02
-7.215475291013717651e-02
-7.763271778821945190e-02
-8.338131755590438843e-02
-8.939839154481887817e-02
-9.568066149950027466e-02
-1.022237390279769897e-01
-1.090220436453819275e-01
-1.160687804222106934e-01
-1.233558952808380127e-01
-1.308740675449371338e-01
-1.386126726865768433e-01
-1.465597450733184814e-01
-1.547020375728607178e-01
-1.630249023437500000e-01
-1.715124249458312988e-01
-1.801473349332809448e-01
-1.889110952615737915e-01
-1.977838873863220215e-01
-2.067447006702423096e-01
-2.157712876796722412e-01
-2.248403578996658325e-01
-2.339275330305099487e-01
-2.430074512958526611e-01
-2.520538866519927979e-01
-2.610398232936859131e-01
-2.699375450611114502e-01
-2.787187099456787109e-01
-2.873545885086059570e-01
-2.958160638809204102e-01
-3.040737807750701904e-01
-3.120983242988586426e-01
-3.198603689670562744e-01
-3.273307085037231445e-01
-3.344805538654327393e-01
-3.412815034389495850e-01
-3.477058708667755127e-01
-3.537266254425048828e-01
-3.593177199363708496e-01
-3.644540607929229736e-01
-3.691118061542510986e-01
-3.732683360576629639e-01
-3.769024610519409180e-01
-3.799945116043090820e-01
-3.825264275074005127e-01
-3.844818472862243652e-01
-3.858462870121002197e-01
-3.866070806980133057e-01
-3.867534995079040527e-01
-3.862768411636352539e-01
-3.851704299449920654e-01
-3.834296762943267822e-01
-3.810520470142364502e-01
-3.780371844768524170e-01
-3.743867576122283936e-01
-3.701045811176300049e-01
-3.651964366436004639e-01
-3.596702516078948975e-01
-3.535358607769012451e-01
-3.468050360679626465e-01
-3.394913971424102783e-01
-3.316103816032409668e-01
-3.231790959835052490e-01
-3.142162859439849854e-01
-3.047421872615814209e-01
-2.947784960269927979e-01
-2.843481600284576416e-01
-2.734754085540771484e-01
-2.621854543685913086e-01
-2.505045831203460693e-01
-2.384598255157470703e-01
-2.260790169239044189e-01
-2.133905589580535889e-01
-2.004233449697494507e-01
-1.872066259384155273e-01
-1.737699210643768311e-01
-1.601428538560867310e-01
-1.463550776243209839e-01
-1.324361413717269897e-01
-1.184153854846954346e-01
-1.043218597769737244e-01
-9.018420428037643433e-02
-7.603056728839874268e-02
-6.188849732279777527e-02
-4.778490215539932251e-02
-3.374593332409858704e-02
-1.979693211615085602e-02
-5.962363909929990768e-03
7.734239101409912109e-03
2.127033099532127380e-02
3.462439402937889099e-02
4.777599126100540161e-02
6.070578098297119141e-02
7.339555770158767700e-02
8.582826703786849976e-02
9.798802435398101807e-02
1.098601296544075012e-01
1.214310750365257263e-01
1.326885074377059937e-01
1.436212956905364990e-01
1.542194336652755737e-01
1.644741147756576538e-01
1.743776351213455200e-01
1.839234232902526855e-01
1.931059956550598145e-01
2.019209414720535278e-01
2.103648632764816284e-01
2.184353917837142944e-01
2.261310666799545288e-01
2.334513813257217407e-01
2.403967231512069702e-01
2.469682991504669189e-01
2.531681060791015625e-01
2.589989304542541504e-01
2.644641995429992676e-01
2.695680856704711914e-01
2.743152976036071777e-01
2.787111997604370117e-01
2.827615737915039062e-01
2.864727973937988281e-01
2.898515760898590088e-01
2.929051220417022705e-01
2.956408858299255371e-01
2.980667054653167725e-01
3.001906275749206543e-01
3.020209670066833496e-01
3.035662174224853516e-01
3.048349916934967041e-01
3.058360517024993896e-01
3.065782487392425537e-01
3.070704638957977295e-01
3.073215782642364502e-01
3.073405325412750244e-01
3.071361482143402100e-01
3.067172467708587646e-01
3.060925304889678955e-01
3.052706420421600342e-01
3.042600750923156738e-01
3.030691146850585938e-01
3.017060458660125732e-01
3.001787960529327393e-01
2.984952330589294434e-01
2.966630160808563232e-01
2.946895062923431396e-01
2.925820052623748779e-01
2.903474569320678711e-01
2.879926264286041260e-01
2.855240404605865479e-01
2.829480469226837158e-01
2.802706956863403320e-01
2.774978578090667725e-01
2.746350765228271484e-01
2.716877460479736328e-01
2.686610221862792969e-01
2.655598223209381104e-01
2.623888552188873291e-01
2.591525316238403320e-01
2.558552026748657227e-01
2.525008618831634521e-01
2.490933984518051147e-01
2.456364780664443970e-01
2.421335577964782715e-01
2.385879456996917725e-01
2.350027710199356079e-01
2.313809990882873535e-01
2.277254313230514526e-01
2.240387350320816040e-01
2.203234136104583740e-01
2.165818661451339722e-01
2.128163576126098633e-01
2.090290188789367676e-01
2.052218914031982422e-01
2.013969123363494873e-01
1.975559294223785400e-01
1.937006860971450806e-01
1.898328661918640137e-01
1.859540790319442749e-01
1.820658445358276367e-01
1.781696528196334839e-01
1.742669194936752319e-01
1.703590303659439087e-01
1.664473265409469604e-01
1.625331044197082520e-01
1.586176306009292603e-01
1.547021567821502686e-01
1.507879048585891724e-01
1.468760818243026733e-01
1.429678797721862793e-01
1.390644907951354980e-01
1.351670920848846436e-01
1.312768757343292236e-01
1.273950189352035522e-01
1.235226988792419434e-01
1.196611374616622925e-01
1.158115193247795105e-01
1.119750738143920898e-01
1.081530302762985229e-01
1.043466404080390930e-01
1.005571708083152771e-01
9.678590297698974609e-02
9.303414076566696167e-02
8.930321782827377319e-02
8.559447526931762695e-02
8.190927654504776001e-02
7.824901491403579712e-02
7.461509853601455688e-02
7.100895792245864868e-02
6.743203103542327881e-02
6.388579308986663818e-02
6.037171930074691772e-02
5.689131096005439758e-02
5.344607308506965637e-02
5.003753304481506348e-02
4.666721820831298828e-02
4.333666339516639709e-02
4.004740342497825623e-02
3.680097311735153198e-02
3.359891101717948914e-02
3.044273518025875092e-02
2.733396366238594055e-02
2.427408844232559204e-02
2.126458659768104553e-02
1.830690912902355194e-02
1.540247630327939987e-02
1.255267392843961716e-02
9.758847765624523163e-03
7.022297941148281097e-03
4.344275686889886856e-03
1.725975307635962963e-03
-8.314689039252698421e-04
-3.326989477500319481e-03
-5.759590305387973785e-03
-8.128352463245391846e-03
-1.043243706226348877e-02
-1.267109625041484833e-02
-1.484366878867149353e-02
-1.694959215819835663e-02
-1.898840628564357758e-02
-2.095975354313850403e-02
-2.286338247358798981e-02
-2.469916082918643951e-02
-2.646706067025661469e-02
-2.816718257963657379e-02
-2.979973703622817993e-02
-3.136505931615829468e-02
-3.286360949277877808e-02
-3.429596871137619019e-02
-3.566283732652664185e-02
-3.696503862738609314e-02
-3.820351883769035339e-02
-3.937933966517448425e-02
-4.049367830157279968e-02
-4.154782742261886597e-02
-4.254318401217460632e-02
-4.348124936223030090e-02
-4.436362534761428833e-02
-4.519200325012207031e-02
-4.596815630793571472e-02
-4.669393971562385559e-02
-4.737127944827079773e-02
-4.800215363502502441e-02
-4.858860373497009277e-02
-4.913270100951194763e-02
-4.963655397295951843e-02
-5.010229349136352539e-02
-5.053206160664558411e-02
-5.092798918485641479e-02
-5.129221081733703613e-02
-5.162682384252548218e-02
-5.193389579653739929e-02
-5.221544951200485229e-02
-5.247345194220542908e-02
-5.270979925990104675e-02
-5.292631313204765320e-02
-5.312472209334373474e-02
-5.330666154623031616e-02
-5.347366631031036377e-02
-5.362714827060699463e-02
-5.376841127872467041e-02
