-7.489218115806579590e-01
-7.732129096984863281e-01
-7.975199222564697266e-01
-8.218111991882324219e-01
-8.460551500320434570e-01
-8.702201247215270996e-01
-8.942750692367553711e-01
-9.181889891624450684e-01
-9.419315457344055176e-01
-9.654727578163146973e-01
-9.887835383415222168e-01
-1.011835336685180664e+00
-1.034600496292114258e+00
-1.057052254676818848e+00
-1.079164981842041016e+00
-1.100913882255554199e+00
-1.122275471687316895e+00
-1.143227338790893555e+00
-1.163748502731323242e+00
-1.183819174766540527e+00
-1.203420996665954590e+00
-1.222536921501159668e+00
-1.241151571273803711e+00
-1.259250760078430176e+00
-1.276822090148925781e+00
-1.293854475021362305e+00
-1.310338377952575684e+00
-1.326265931129455566e+00
-1.341630816459655762e+00
-1.356428027153015137e+00
-1.370654106140136719e+00
-1.384307384490966797e+00
-1.397387504577636719e+00
-1.409895300865173340e+00
-1.421833395957946777e+00
-1.433205485343933105e+00
-1.444016814231872559e+00
-1.454273700714111328e+00
-1.463983774185180664e+00
-1.473155856132507324e+00
-1.481799721717834473e+00
-1.489926338195800781e+00
-1.497547507286071777e+00
-1.504675984382629395e+00
-1.511325240135192871e+00
-1.517509698867797852e+00
-1.523244142532348633e+00
-1.528544425964355469e+00
-1.533426284790039062e+00
-1.537906527519226074e+00
-1.542001962661743164e+00
-1.545729637145996094e+00
-1.549107074737548828e+00
-1.552151799201965332e+00
-1.554881572723388672e+00
-1.557313799858093262e+00
-1.559466361999511719e+00
-1.561356425285339355e+00
-1.563001394271850586e+00
-1.564418196678161621e+00
-1.565623879432678223e+00
-1.566634535789489746e+00
-1.567466378211975098e+00
-1.568134784698486328e+00
-1.568654894828796387e+00
-1.569041371345520020e+00
-1.569308161735534668e+00
-1.569468736648559570e+00
-1.569535970687866211e+00
-1.569522380828857422e+00
-1.569439291954040527e+00
-1.569297790527343750e+00
-1.569108247756958008e+00
-1.568880081176757812e+00
-1.568622350692749023e+00
-1.568343162536621094e+00
-1.568050265312194824e+00
-1.567750692367553711e+00
-1.567451238632202148e+00
-1.567157268524169922e+00
-1.566873669624328613e+00
-1.566605210304260254e+00
-1.566355705261230469e+00
-1.566128373146057129e+00
-1.565926074981689453e+00
-1.565751314163208008e+00
-1.565605998039245605e+00
-1.565491318702697754e+00
-1.565408468246459961e+00
-1.565357685089111328e+00
-1.565339326858520508e+00
-1.565353035926818848e+00
-1.565398454666137695e+00
-1.565475106239318848e+00
-1.565581679344177246e+00
-1.565717101097106934e+00
-1.565879821777343750e+00
-1.566068172454833984e+00
-1.566280484199523926e+00
-1.566514611244201660e+00
-1.566768884658813477e+00
-1.567041158676147461e+00
-1.567329287528991699e+00
-1.567631125450134277e+00
-1.567944526672363281e+00
-1.568267226219177246e+00
-1.568597316741943359e+00
-1.568932414054870605e+00
-1.569270730018615723e+00
-1.569610118865966797e+00
-1.569948673248291016e+00
-1.570284366607666016e+00
-1.570615291595458984e+00
-1.570940375328063965e+00
-1.571257472038269043e+00
-1.571565151214599609e+00
-1.571862220764160156e+00
-1.572147250175476074e+00
-1.572418928146362305e+00
-1.572676301002502441e+00
-1.572918653488159180e+00
-1.573144793510437012e+00
-1.573354125022888184e+00
-1.573545932769775391e+00
-1.573719620704650879e+00
-1.573874831199645996e+00
-1.574011087417602539e+00
-1.574128150939941406e+00
-1.574225902557373047e+00
-1.574304103851318359e+00
-1.574362874031066895e+00
-1.574402093887329102e+00
-1.574422001838684082e+00
-1.574422597885131836e+00
-1.574404358863830566e+00
-1.574367642402648926e+00
-1.574312686920166016e+00
-1.574240207672119141e+00
-1.574150562286376953e+00
-1.574044227600097656e+00
-1.573921918869018555e+00
-1.573784351348876953e+00
-1.573632121086120605e+00
-1.573466300964355469e+00
-1.573287487030029297e+00
-1.573096871376037598e+00
-1.572895050048828125e+00
-1.572683453559875488e+00
-1.572462439537048340e+00
-1.572233319282531738e+00
-1.571997761726379395e+00
-1.571756243705749512e+00
-1.571510553359985352e+00
-1.571261405944824219e+00
-1.571010351181030273e+00
-1.570758461952209473e+00
-1.570507168769836426e+00
-1.570258021354675293e+00
-1.570012211799621582e+00
-1.569771170616149902e+00
-1.569536089897155762e+00
-1.569308638572692871e+00
-1.569090127944946289e+00
-1.568881750106811523e+00
-1.568684816360473633e+00
-1.568500757217407227e+00
-1.568330526351928711e+00
-1.568175554275512695e+00
-1.568036675453186035e+00
-1.567914724349975586e+00
-1.567810893058776855e+00
-1.567725777626037598e+00
-1.567659854888916016e+00
-1.567613601684570312e+00
-1.567587375640869141e+00
-1.567581415176391602e+00
-1.567595243453979492e+00
-1.567628741264343262e+00
-1.567680954933166504e+00
-1.567751049995422363e+00
-1.567837953567504883e+00
-1.567940592765808105e+00
-1.568056583404541016e+00
-1.568184018135070801e+00
-1.568320751190185547e+00
-1.568463444709777832e+00
-1.568609237670898438e+00
-1.568754553794860840e+00
-1.568895220756530762e+00
-1.569026827812194824e+00
-1.569144487380981445e+00
-1.569243431091308594e+00
-1.569317579269409180e+00
-1.569360733032226562e+00
-1.569366693496704102e+00
-1.569328188896179199e+00
-1.569237947463989258e+00
-1.569087862968444824e+00
-1.568869948387145996e+00
-1.568575620651245117e+00
-1.568195819854736328e+00
-1.567721009254455566e+00
-1.567141652107238770e+00
-1.566447257995605469e+00
-1.565627455711364746e+00
-1.564671754837036133e+00
-1.563569545745849609e+00
-1.562308907508850098e+00
-1.560878634452819824e+00
-1.559267640113830566e+00
-1.557464122772216797e+00
-1.555456280708312988e+00
-1.553232431411743164e+00
-1.550780653953552246e+00
-1.548089385032653809e+00
-1.545147299766540527e+00
-1.541942715644836426e+00
-1.538464426994323730e+00
-1.534701585769653320e+00
-1.530643343925476074e+00
-1.526279449462890625e+00
-1.521600008010864258e+00
-1.516595602035522461e+00
-1.511257410049438477e+00
-1.505576610565185547e+00
-1.499545574188232422e+00
-1.493156909942626953e+00
-1.486404299736022949e+00
-1.479281902313232422e+00
-1.471784591674804688e+00
-1.463908314704895020e+00
-1.455649256706237793e+00
-1.447005033493041992e+00
-1.437974095344543457e+00
-1.428555846214294434e+00
-1.418750286102294922e+00
-1.408558607101440430e+00
-1.397982835769653320e+00
-1.387026190757751465e+00
-1.375692725181579590e+00
-1.363987684249877930e+00
-1.351916790008544922e+00
-1.339487195014953613e+00
-1.326706647872924805e+00
-1.313584327697753906e+00
-1.300130128860473633e+00
-1.286354660987854004e+00
-1.272269845008850098e+00
-1.257887721061706543e+00
-1.243221521377563477e+00
-1.228285312652587891e+00
-1.213094234466552734e+00
-1.197663187980651855e+00
-1.182008266448974609e+00
-1.166145920753479004e+00
-1.150093197822570801e+00
-1.133867740631103516e+00
-1.117487192153930664e+00
-1.100969672203063965e+00
-1.084334015846252441e+00
-1.067598462104797363e+00
-1.050781607627868652e+00
-1.033902406692504883e+00
-1.016980051994323730e+00
-1.000032424926757812e+00
-9.830784201622009277e-01
-9.661363363265991211e-01
-9.492242932319641113e-01
-9.323598742485046387e-01
-9.155601859092712402e-01
-8.988420963287353516e-01
-8.822222948074340820e-01
-8.657160997390747070e-01
-8.493387103080749512e-01
-8.331046700477600098e-01
-8.170277476310729980e-01
-8.011209964752197266e-01
-7.853965759277343750e-01
-7.698659896850585938e-01
-7.545401453971862793e-01
-7.394284605979919434e-01
-7.245399355888366699e-01
-7.098826766014099121e-01
-6.954638361930847168e-01
-6.812898516654968262e-01
-6.673659682273864746e-01
-6.536970138549804688e-01
-6.402867436408996582e-01
-6.271377205848693848e-01
-6.142519712448120117e-01
-6.016308069229125977e-01
-5.892749428749084473e-01
-5.771839618682861328e-01
-5.653567910194396973e-01
-5.537923574447631836e-01
-5.424879193305969238e-01
-5.314407348632812500e-01
-5.206476449966430664e-01
-5.101050138473510742e-01
-4.998082220554351807e-01
-4.897527098655700684e-01
-4.799336194992065430e-01
-4.703459441661834717e-01
-4.609841704368591309e-01
-4.518424272537231445e-01
-4.429149627685546875e-01
-4.341959953308105469e-01
-4.256801009178161621e-01
-4.173609614372253418e-01
-4.092328846454620361e-01
-4.012904763221740723e-01
-3.935279250144958496e-01
-3.859399557113647461e-01
-3.785215616226196289e-01
-3.712683618068695068e-01
-3.641753196716308594e-01
-3.572382330894470215e-01
-3.504533767700195312e-01
-3.438173234462738037e-01
-3.373267650604248047e-01
-3.309793174266815186e-01
-3.247721493244171143e-01
-3.187034726142883301e-01
-3.127718865871429443e-01
-3.069761693477630615e-01
-3.013156652450561523e-01
-2.957898676395416260e-01
-2.903992235660552979e-01
-2.851436436176300049e-01
-2.800238728523254395e-01
-2.750410735607147217e-01
-2.701967954635620117e-01
-2.654925286769866943e-01
-2.609300315380096436e-01
-2.565113306045532227e-01
-2.522387802600860596e-01
-2.481148391962051392e-01
-2.441422939300537109e-01
-2.403234392404556274e-01
-2.366611510515213013e-01
-2.331580519676208496e-01
-2.298171669244766235e-01
-2.266407907009124756e-01
-2.236317396163940430e-01
-2.207922339439392090e-01
-2.181250303983688354e-01
-2.156319171190261841e-01
-2.133149504661560059e-01
-2.111759334802627563e-01
-2.092164158821105957e-01
-2.074378579854965210e-01
-2.058409303426742554e-01
-2.044263035058975220e-01
-2.031943351030349731e-01
-2.021453678607940674e-01
-2.012787610292434692e-01
-2.005938887596130371e-01
-2.000898420810699463e-01
-1.997651010751724243e-01
-1.996179223060607910e-01
-1.996463388204574585e-01
-1.998481005430221558e-01
-2.002202123403549194e-01
-2.007596939802169800e-01
-2.014631330966949463e-01
-2.023267000913619995e-01
-2.033468335866928101e-01
-2.045188397169113159e-01
-2.058383375406265259e-01
-2.073006331920623779e-01
-2.089007496833801270e-01
-2.106337398290634155e-01
-2.124940752983093262e-01
-2.144766598939895630e-01
-2.165755331516265869e-01
-2.187850475311279297e-01
-2.210995554924011230e-01
-2.235132157802581787e-01
-2.260201126337051392e-01
-2.286142855882644653e-01
-2.312898039817810059e-01
-2.340411692857742310e-01
-2.368620485067367554e-01
-2.397467494010925293e-01
-2.426895201206207275e-01
-2.456848025321960449e-01
-2.487266212701797485e-01
-2.518096864223480225e-01
-2.549282610416412354e-01
-2.580769360065460205e-01
-2.612506449222564697e-01
-2.644439041614532471e-01
-2.676515579223632812e-01
-2.708686590194702148e-01
-2.740902602672576904e-01
-2.773116827011108398e-01
-2.805274426937103271e-01
-2.837328016757965088e-01
-2.869234383106231689e-01
-2.900943458080291748e-01
-2.932405173778533936e-01
-2.963571846485137939e-01
-2.994397878646850586e-01
-3.024834692478179932e-01
-3.054833114147186279e-01
-3.084342777729034424e-01
-3.113315701484680176e-01
-3.141699135303497314e-01
-3.169440627098083496e-01
-3.196485936641693115e-01
-3.222783207893371582e-01
-3.248272836208343506e-01
-3.272897899150848389e-01
-3.296599686145782471e-01
-3.319317996501922607e-01
-3.340989947319030762e-01
-3.361552059650421143e-01
-3.380938768386840820e-01
-3.399083912372589111e-01
-3.415918052196502686e-01
-3.431371152400970459e-01
-3.445373773574829102e-01
-3.457852602005004883e-01
-3.468735218048095703e-01
-3.477952480316162109e-01
-3.485424816608428955e-01
-3.491079211235046387e-01
-3.494842052459716797e-01
-3.496639430522918701e-01
-3.496398329734802246e-01
-3.494048118591308594e-01
-3.489519953727722168e-01
-3.482743203639984131e-01
-3.473652005195617676e-01
-3.462182581424713135e-01
-3.448278009891510010e-01
-3.431879580020904541e-01
-3.412931859493255615e-01
-3.391385674476623535e-01
-3.367197513580322266e-01
-3.340328633785247803e-01
-3.310745656490325928e-01
-3.278421759605407715e-01
-3.243334591388702393e-01
-3.205469548702239990e-01
-3.164820969104766846e-01
-3.121386170387268066e-01
-3.075172305107116699e-01
-3.026197552680969238e-01
-2.974481880664825439e-01
-2.920058071613311768e-01
-2.862967848777770996e-01
-2.803258001804351807e-01
-2.740986347198486328e-01
-2.676222026348114014e-01
-2.609034478664398193e-01
-2.539507448673248291e-01
-2.467735111713409424e-01
-2.393815666437149048e-01
-2.317857295274734497e-01
-2.239977568387985229e-01
-2.160305380821228027e-01
-2.078964561223983765e-01
-1.996093988418579102e-01
-1.911838948726654053e-01
-1.826352775096893311e-01
-1.739789098501205444e-01
-1.652313321828842163e-01
-1.564086973667144775e-01
-1.475278884172439575e-01
-1.386066675186157227e-01
-1.296621412038803101e-01
-1.207125559449195862e-01
-1.117751970887184143e-01
-1.028684675693511963e-01
-9.400984644889831543e-02
-8.521721512079238892e-02
-7.650813460350036621e-02
-6.789968162775039673e-02
-5.940884351730346680e-02
-5.105219036340713501e-02
-4.284607246518135071e-02
-3.480566665530204773e-02
-2.694598771631717682e-02
-1.928178220987319946e-02
-1.182600110769271851e-02
-4.591351374983787537e-03
2.410813933238387108e-03
9.169418364763259888e-03
1.567450910806655884e-02
2.191717363893985748e-02
2.788978815078735352e-02
3.358548879623413086e-02
3.899881988763809204e-02
4.412517324090003967e-02
4.896181821823120117e-02
5.350634828209877014e-02
5.775808170437812805e-02
6.171718984842300415e-02
6.538500636816024780e-02
6.876423954963684082e-02
7.185847312211990356e-02
7.467325776815414429e-02
7.721392065286636353e-02
7.948797196149826050e-02
8.150303363800048828e-02
8.326844871044158936e-02
8.479395508766174316e-02
8.609032630920410156e-02
8.716899156570434570e-02
8.804241567850112915e-02
8.872349560260772705e-02
8.922585844993591309e-02
8.956317603588104248e-02
8.975035697221755981e-02
8.980210125446319580e-02
8.973333984613418579e-02
8.955934643745422363e-02
8.929567039012908936e-02
8.895794302225112915e-02
8.856108039617538452e-02
8.811999112367630005e-02
8.765045553445816040e-02
8.716671913862228394e-02
8.668304979801177979e-02
8.621332794427871704e-02
8.577083051204681396e-02
8.536827564239501953e-02
8.501730114221572876e-02
8.473009616136550903e-02
8.451688289642333984e-02
8.438728749752044678e-02
8.435037732124328613e-02
8.441422134637832642e-02
8.458562195301055908e-02
8.487097173929214478e-02
8.527519553899765015e-02
8.580263704061508179e-02
8.645633608102798462e-02
8.723852038383483887e-02
8.815018087625503540e-02
8.919160813093185425e-02
9.036190807819366455e-02
9.165925532579421997e-02
9.308118373155593872e-02
9.462402015924453735e-02
9.628336131572723389e-02
9.805393218994140625e-02
9.992968291044235229e-02
1.019037887454032898e-01
1.039689704775810242e-01
1.061170548200607300e-01
1.083399131894111633e-01
1.106284335255622864e-01
1.129735484719276428e-01
1.153651028871536255e-01
1.177936419844627380e-01
1.202483624219894409e-01
1.227192506194114685e-01
1.251966655254364014e-01
1.276697516441345215e-01
1.301287859678268433e-01
1.325633525848388672e-01
1.349640786647796631e-01
1.373214274644851685e-01
1.396262645721435547e-01
1.418702453374862671e-01
1.440450996160507202e-01
1.461433023214340210e-01
1.481578648090362549e-01
1.500824987888336182e-01
1.519115120172500610e-01
1.536400318145751953e-01
1.552636772394180298e-01
1.567791402339935303e-01
1.581835299730300903e-01
1.594752669334411621e-01
1.606529355049133301e-01
1.617162376642227173e-01
1.626660376787185669e-01
1.635033935308456421e-01
1.642303615808486938e-01
1.648499071598052979e-01
1.653655320405960083e-01
1.657819300889968872e-01
1.661037504673004150e-01
1.663368046283721924e-01
1.664872020483016968e-01
1.665616780519485474e-01
1.665675491094589233e-01
1.665130108594894409e-01
1.664059162139892578e-01
1.662547737360000610e-01
1.660688519477844238e-01
1.658568978309631348e-01
1.656283140182495117e-01
1.653926074504852295e-01
1.651591956615447998e-01
1.649374216794967651e-01
1.647366434335708618e-01
1.645667850971221924e-01
1.644365787506103516e-01
1.643549054861068726e-01
1.643306463956832886e-01
1.643720716238021851e-01
1.644871383905410767e-01
1.646832525730133057e-01
1.649675369262695312e-01
1.653468161821365356e-01
1.658270806074142456e-01
1.664138138294219971e-01
1.671121418476104736e-01
1.679260730743408203e-01
1.688592582941055298e-01
1.699151396751403809e-01
1.710958182811737061e-01
1.724031716585159302e-01
1.738381236791610718e-01
1.754014492034912109e-01
1.770928353071212769e-01
1.789115220308303833e-01
1.808559447526931763e-01
1.829239875078201294e-01
1.851129978895187378e-01
1.874202042818069458e-01
1.898416131734848022e-01
1.923731565475463867e-01
1.950102597475051880e-01
1.977477520704269409e-01
2.005801200866699219e-01
2.035018950700759888e-01
2.065068483352661133e-01
2.095890343189239502e-01
2.127415686845779419e-01
2.159579694271087646e-01
2.192312777042388916e-01
2.225546091794967651e-01
2.259213775396347046e-01
2.293244749307632446e-01
2.327571064233779907e-01
2.362124025821685791e-01
2.396837472915649414e-01
2.431646883487701416e-01
2.466494143009185791e-01
2.501315772533416748e-01
2.536055445671081543e-01
2.570658028125762939e-01
2.605075538158416748e-01
2.639258503913879395e-01
2.673167288303375244e-01
2.706758677959442139e-01
2.739998400211334229e-01
2.772854864597320557e-01
2.805300652980804443e-01
2.837318181991577148e-01
2.868885695934295654e-01
2.899994850158691406e-01
2.930633723735809326e-01
2.960799336433410645e-01
2.990490496158599854e-01
3.019718229770660400e-01
3.048488497734069824e-01
3.076815605163574219e-01
3.104716837406158447e-01
3.132214248180389404e-01
3.159334361553192139e-01
3.186106681823730469e-01
3.212562501430511475e-01
3.238742649555206299e-01
3.264682590961456299e-01
3.290425240993499756e-01
3.316015303134918213e-01
3.341504931449890137e-01
3.366939127445220947e-01
3.392370641231536865e-01
3.417855203151702881e-01
3.443448245525360107e-01
3.469206690788269043e-01
3.495187163352966309e-01
3.521448671817779541e-01
3.548056483268737793e-01
3.575067818164825439e-01
3.602544367313385010e-01
3.630549013614654541e-01
3.659145534038543701e-01
3.688395023345947266e-01
3.718360662460327148e-01
3.749105334281921387e-01
3.780694901943206787e-01
3.813187777996063232e-01
3.846646547317504883e-01
3.881133794784545898e-01
3.916710019111633301e-01
3.953436315059661865e-01
3.991372585296630859e-01
4.030580222606658936e-01
4.071118533611297607e-01
4.113043844699859619e-01
4.156412482261657715e-01
4.201281070709228516e-01
4.247708320617675781e-01
4.295746684074401855e-01
4.345448315143585205e-01
4.396872520446777344e-01
4.450065791606903076e-01
4.505079090595245361e-01
4.561963379383087158e-01
4.620768725872039795e-01
4.681539535522460938e-01
4.744320511817932129e-01
4.809156954288482666e-01
4.876093268394470215e-01
4.945170581340789795e-01
5.016425848007202148e-01
5.089895129203796387e-01
5.165613293647766113e-01
5.243618488311767578e-01
5.323935747146606445e-01
5.406592488288879395e-01
5.491618514060974121e-01
5.579030513763427734e-01
5.668848752975463867e-01
5.761088132858276367e-01
5.855767130851745605e-01
5.952888727188110352e-01
6.052457690238952637e-01
6.154475808143615723e-01
6.258941888809204102e-01
6.365844607353210449e-01
6.475176811218261719e-01
6.586917042732238770e-01
6.701044440269470215e-01
6.817533969879150391e-01
6.936352849006652832e-01
7.057464718818664551e-01
7.180826067924499512e-01
7.306394577026367188e-01
7.434112429618835449e-01
7.563920617103576660e-01
7.695756554603576660e-01
7.829552292823791504e-01
7.965232729911804199e-01
8.102715611457824707e-01
8.241915106773376465e-01
8.382739424705505371e-01
8.525092601776123047e-01
8.668875694274902344e-01
8.813979625701904297e-01
8.960293531417846680e-01
9.107701778411865234e-01
9.256087541580200195e-01
9.405322670936584473e-01
9.555281400680541992e-01
9.705831408500671387e-01
9.856840372085571289e-01
1.000816822052001953e+00
1.015967607498168945e+00
1.031122207641601562e+00
1.046266198158264160e+00
1.061385512351989746e+00
1.076465010643005371e+00
1.091490387916564941e+00
1.106446623802185059e+00
1.121319770812988281e+00
1.136094927787780762e+00
1.150757551193237305e+00
1.165293812751770020e+00
1.179689407348632812e+00
1.193930387496948242e+00
1.208003520965576172e+00
1.221895933151245117e+00
1.235594391822814941e+00
1.249086737632751465e+00
1.262361168861389160e+00
1.275405883789062500e+00
1.288210630416870117e+00
1.300764679908752441e+00
1.313058137893676758e+00
1.325081944465637207e+00
1.336827635765075684e+00
1.348287343978881836e+00
1.359453916549682617e+00
1.370321035385131836e+00
1.380882620811462402e+00
1.391133546829223633e+00
1.401069760322570801e+00
1.410687446594238281e+00
1.419983744621276855e+00
1.428956389427185059e+00
1.437603950500488281e+00
1.445926189422607422e+00
1.453922629356384277e+00
1.461593985557556152e+00
1.468941807746887207e+00
1.475968480110168457e+00
1.482676148414611816e+00
1.489068627357482910e+00
1.495149612426757812e+00
1.500923514366149902e+00
1.506395936012268066e+00
1.511572003364562988e+00
1.516457796096801758e+00
1.521060228347778320e+00
1.525386095046997070e+00
1.529443383216857910e+00
1.533239006996154785e+00
1.536781311035156250e+00
1.540078997611999512e+00
1.543140530586242676e+00
1.545974612236022949e+00
1.548590064048767090e+00
1.550996422767639160e+00
1.553202867507934570e+00
1.555218696594238281e+00
1.557053208351135254e+00
1.558715939521789551e+00
1.560216307640075684e+00
1.561563491821289062e+00
1.562766194343566895e+00
1.563834667205810547e+00
1.564777016639709473e+00
1.565602064132690430e+00
1.566318631172180176e+00
1.566935181617736816e+00
1.567459702491760254e+00
1.567900061607360840e+00
1.568264007568359375e+00
1.568559050559997559e+00
1.568791985511779785e+00
1.568969488143920898e+00
1.569098353385925293e+00
1.569184422492980957e+00
1.569233417510986328e+00
1.569251537322998047e+00
1.569243192672729492e+00
1.569213390350341797e+00
1.569166541099548340e+00
1.569106698036193848e+00
1.569037556648254395e+00
1.568962931632995605e+00
1.568885922431945801e+00
1.568809390068054199e+00
1.568735718727111816e+00
1.568667292594909668e+00
1.568606376647949219e+00
1.568554759025573730e+00
1.568513631820678711e+00
1.568484306335449219e+00
1.568467736244201660e+00
1.568464636802673340e+00
1.568475723266601562e+00
1.568501472473144531e+00
1.568542003631591797e+00
1.568597316741943359e+00
1.568667531013488770e+00
1.568752169609069824e+00
1.568850755691528320e+00
1.568963289260864258e+00
1.569088697433471680e+00
1.569226384162902832e+00
1.569375753402709961e+00
1.569535851478576660e+00
1.569705724716186523e+00
1.569884777069091797e+00
1.570071578025817871e+00
1.570264935493469238e+00
1.570464253425598145e+00
1.570667982101440430e+00
1.570875048637390137e+00
1.571084499359130859e+00
1.571295499801635742e+00
1.571506500244140625e+00
1.571716308593750000e+00
1.571923732757568359e+00
1.572128176689147949e+00
1.572327971458435059e+00
1.572522521018981934e+00
1.572710394859313965e+00
1.572890520095825195e+00
1.573062419891357422e+00
1.573224425315856934e+00
1.573376297950744629e+00
1.573516488075256348e+00
1.573644757270812988e+00
1.573759794235229492e+00
1.573861002922058105e+00
1.573947548866271973e+00
1.574018836021423340e+00
1.574074029922485352e+00
1.574112415313720703e+00
1.574134111404418945e+00
1.574138164520263672e+00
1.574124097824096680e+00
1.574092149734497070e+00
1.574041604995727539e+00
1.573972344398498535e+00
1.573884248733520508e+00
1.573777318000793457e+00
1.573651671409606934e+00
1.573507428169250488e+00
1.573344945907592773e+00
1.573164582252502441e+00
1.572966694831848145e+00
1.572751998901367188e+00
1.572521090507507324e+00
1.572274804115295410e+00
1.572013974189758301e+00
1.571739554405212402e+00
1.571452975273132324e+00
1.571155190467834473e+00
1.570847868919372559e+00
1.570532083511352539e+00
1.570209622383117676e+00
1.569882154464721680e+00
1.569551706314086914e+00
1.569219708442687988e+00
1.568888306617736816e+00
1.568559408187866211e+00
1.568235158920288086e+00
1.567917823791503906e+00
1.567609310150146484e+00
1.567311882972717285e+00
1.567027926445007324e+00
1.566759347915649414e+00
1.566508173942565918e+00
1.566276669502258301e+00
1.566067099571228027e+00
1.565881133079528809e+00
1.565720319747924805e+00
1.565586447715759277e+00
1.565481185913085938e+00
1.565405607223510742e+00
1.565360665321350098e+00
1.565347313880920410e+00
1.565366148948669434e+00
1.565417051315307617e+00
1.565499901771545410e+00
1.565614581108093262e+00
1.565759778022766113e+00
1.565934062004089355e+00
1.566135764122009277e+00
1.566362619400024414e+00
1.566611647605895996e+00
1.566879749298095703e+00
1.567162871360778809e+00
1.567456483840942383e+00
1.567755460739135742e+00
1.568054199218750000e+00
1.568346381187438965e+00
1.568625092506408691e+00
1.568882584571838379e+00
1.569110512733459473e+00
1.569299936294555664e+00
1.569441199302673340e+00
1.569523930549621582e+00
1.569537281990051270e+00
1.569469571113586426e+00
1.569308638572692871e+00
1.569041490554809570e+00
1.568654894828796387e+00
1.568134665489196777e+00
1.567466259002685547e+00
1.566634416580200195e+00
1.565623641014099121e+00
1.564418077468872070e+00
1.563001036643981934e+00
1.561356306076049805e+00
1.559466242790222168e+00
1.557313919067382812e+00
1.554881572723388672e+00
1.552151799201965332e+00
1.549107074737548828e+00
1.545729637145996094e+00
1.542001962661743164e+00
1.537906527519226074e+00
1.533426284790039062e+00
1.528544425964355469e+00
1.523244142532348633e+00
1.517509698867797852e+00
1.511325240135192871e+00
1.504675984382629395e+00
1.497547507286071777e+00
1.489926338195800781e+00
1.481799721717834473e+00
1.473155856132507324e+00
1.463983774185180664e+00
1.454273700714111328e+00
1.444016814231872559e+00
1.433205485343933105e+00
1.421833395957946777e+00
1.409895300865173340e+00
1.397387504577636719e+00
1.384307384490966797e+00
1.370654106140136719e+00
1.356428027153015137e+00
1.341630816459655762e+00
1.326265931129455566e+00
1.310338377952575684e+00
1.293854475021362305e+00
1.276822090148925781e+00
1.259250760078430176e+00
1.241151571273803711e+00
1.222536921501159668e+00
1.203420996665954590e+00
1.183819174766540527e+00
1.163748502731323242e+00
1.143227338790893555e+00
1.122275471687316895e+00
1.100913882255554199e+00
1.079164981842041016e+00
1.057052254676818848e+00
1.034600496292114258e+00
1.011835336685180664e+00
9.887835383415222168e-01
9.654727578163146973e-01
9.419315457344055176e-01
9.181889891624450684e-01
8.942750692367553711e-01
8.702201247215270996e-01
8.460551500320434570e-01
8.218111991882324219e-01
7.975199222564697266e-01
7.732129096984863281e-01
7.489218115806579590e-01
