2.040016278624534607e-02
2.143687382340431213e-02
2.250484749674797058e-02
2.360401675105094910e-02
2.473431639373302460e-02
2.589560672640800476e-02
2.708774618804454803e-02
2.831052057445049286e-02
2.956371754407882690e-02
3.084705397486686707e-02
3.216025233268737793e-02
3.350295871496200562e-02
3.487483039498329163e-02
3.627545759081840515e-02
3.770444169640541077e-02
3.916130959987640381e-02
4.064561054110527039e-02
4.215683043003082275e-02
4.369447007775306702e-02
4.525796696543693542e-02
4.684678465127944946e-02
4.846032708883285522e-02
5.009802803397178650e-02
5.175926536321640015e-02
5.344343930482864380e-02
5.514991655945777893e-02
5.687807872891426086e-02
5.862727388739585876e-02
6.039687991142272949e-02
6.218624487519264221e-02
6.399473547935485840e-02
6.582170724868774414e-02
6.766653060913085938e-02
6.952857226133346558e-02
7.140721380710601807e-02
7.330183684825897217e-02
7.521184533834457397e-02
7.713663578033447266e-02
7.907564193010330200e-02
8.102828264236450195e-02
8.299402892589569092e-02
8.497233688831329346e-02
8.696269243955612183e-02
8.896459639072418213e-02
9.097757935523986816e-02
9.300117194652557373e-02
9.503494948148727417e-02
9.707849472761154175e-02
9.913139790296554565e-02
1.011933237314224243e-01
1.032638698816299438e-01
1.053428426384925842e-01
1.074297875165939331e-01
1.095242574810981750e-01
1.116262897849082947e-01
1.137354746460914612e-01
1.158517599105834961e-01
1.179748848080635071e-01
1.201046258211135864e-01
1.222405433654785156e-01
1.243830248713493347e-01
1.265316456556320190e-01
1.286865770816802979e-01
1.308473944664001465e-01
1.330141872167587280e-01
1.351869553327560425e-01
1.373654752969741821e-01
1.395497322082519531e-01
1.417395919561386108e-01
1.439351290464401245e-01
1.461365967988967896e-01
1.483439356088638306e-01
1.505572646856307983e-01
1.527766883373260498e-01
1.550023555755615234e-01
1.572341024875640869e-01
1.594718247652053833e-01
1.617157012224197388e-01
1.639661043882369995e-01
1.662231087684631348e-01
1.684870272874832153e-01
1.707577109336853027e-01
1.730357855558395386e-01
1.753211915493011475e-01
1.776138395071029663e-01
1.799139827489852905e-01
1.822221279144287109e-01
1.845384538173675537e-01
1.868632137775421143e-01
1.891967505216598511e-01
1.915393918752670288e-01
1.938915401697158813e-01
1.962530314922332764e-01
1.986244916915893555e-01
2.010063081979751587e-01
2.033990472555160522e-01
2.058029919862747192e-01
2.082187086343765259e-01
2.106465697288513184e-01
2.130869776010513306e-01
2.155402600765228271e-01
2.180070132017135620e-01
2.204879671335220337e-01
2.229836285114288330e-01
2.254944145679473877e-01
2.280208915472030640e-01
2.305638492107391357e-01
2.331237792968750000e-01
2.357013970613479614e-01
2.382972687482833862e-01
2.409122884273529053e-01
2.435469478368759155e-01
2.462016940116882324e-01
2.488774806261062622e-01
2.515749335289001465e-01
2.542946338653564453e-01
2.570374011993408203e-01
2.598038911819458008e-01
2.625946104526519775e-01
2.654100358486175537e-01
2.682507932186126709e-01
2.711177766323089600e-01
2.740113735198974609e-01
2.769319713115692139e-01
2.798803150653839111e-01
2.828566730022430420e-01
2.858615815639495850e-01
2.888951301574707031e-01
2.919579148292541504e-01
2.950499653816223145e-01
2.981714606285095215e-01
3.013229668140411377e-01
3.045040369033813477e-01
3.077146708965301514e-01
3.109546005725860596e-01
3.142236173152923584e-01
3.175218105316162109e-01
3.208488523960113525e-01
3.242045342922210693e-01
3.275883793830871582e-01
3.309999108314514160e-01
3.344384133815765381e-01
3.379034101963043213e-01
3.413942158222198486e-01
3.449103236198425293e-01
3.484509885311126709e-01
3.520155549049377441e-01
3.556031882762908936e-01
3.592133522033691406e-01
3.628451824188232422e-01
3.664982020854949951e-01
3.701716065406799316e-01
3.738648295402526855e-01
3.775775134563446045e-01
3.813090324401855469e-01
3.850593566894531250e-01
3.888280093669891357e-01
3.926149606704711914e-01
3.964204788208007812e-01
4.002447426319122314e-01
4.040882587432861328e-01
4.079517424106597900e-01
4.118360877037048340e-01
4.157425761222839355e-01
4.196726083755493164e-01
4.236279726028442383e-01
4.276106953620910645e-01
4.316232502460479736e-01
4.356684088706970215e-01
4.397490620613098145e-01
4.438686668872833252e-01
4.480313658714294434e-01
4.522412121295928955e-01
4.565028846263885498e-01
4.608215093612670898e-01
4.652025401592254639e-01
4.696519970893859863e-01
4.741761982440948486e-01
4.787820577621459961e-01
4.834765493869781494e-01
4.882670938968658447e-01
4.931616783142089844e-01
4.981690049171447754e-01
5.032975673675537109e-01
5.085566043853759766e-01
5.139555335044860840e-01
5.195038914680480957e-01
5.252118110656738281e-01
5.310896039009094238e-01
5.371475815773010254e-01
5.433961749076843262e-01
5.498462915420532227e-01
5.565088391304016113e-01
5.633945465087890625e-01
5.705141425132751465e-01
5.778785347938537598e-01
5.854985117912292480e-01
5.933843851089477539e-01
6.015461087226867676e-01
6.099940538406372070e-01
6.187375783920288086e-01
6.277860999107360840e-01
6.371483206748962402e-01
6.468325257301330566e-01
6.568459868431091309e-01
6.671959161758422852e-01
6.778885126113891602e-01
6.889292597770690918e-01
7.003228664398193359e-01
7.120729684829711914e-01
7.241825461387634277e-01
7.366535663604736328e-01
7.494868040084838867e-01
7.626820802688598633e-01
7.762377858161926270e-01
7.901516556739807129e-01
8.044200539588928223e-01
8.190380334854125977e-01
8.339996337890625000e-01
8.492976427078247070e-01
8.649232387542724609e-01
8.808666467666625977e-01
8.971168994903564453e-01
9.136618375778198242e-01
9.304878711700439453e-01
9.475802779197692871e-01
9.649232625961303711e-01
9.824995398521423340e-01
1.000291109085083008e+00
1.018278837203979492e+00
1.036442518234252930e+00
1.054761171340942383e+00
1.073212146759033203e+00
1.091772556304931641e+00
1.110419034957885742e+00
1.129127383232116699e+00
1.147872567176818848e+00
1.166629076004028320e+00
1.185371041297912598e+00
1.204072475433349609e+00
1.222706675529479980e+00
1.241247534751892090e+00
1.259668350219726562e+00
1.277942419052124023e+00
1.296043395996093750e+00
1.313945293426513672e+00
1.331622600555419922e+00
1.349049925804138184e+00
1.366202831268310547e+00
1.383057355880737305e+00
1.399590134620666504e+00
1.415779113769531250e+00
1.431602716445922852e+00
1.447040915489196777e+00
1.462074279785156250e+00
1.476684689521789551e+00
1.490855216979980469e+00
1.504570841789245605e+00
1.517817139625549316e+00
1.530581235885620117e+00
1.542852282524108887e+00
1.554620265960693359e+00
1.565876841545104980e+00
1.576615214347839355e+00
1.586830496788024902e+00
1.596518993377685547e+00
1.605678677558898926e+00
1.614308714866638184e+00
1.622410535812377930e+00
1.629986286163330078e+00
1.637039661407470703e+00
1.643575787544250488e+00
1.649601697921752930e+00
1.655125141143798828e+00
1.660154938697814941e+00
1.664701461791992188e+00
1.668776273727416992e+00
1.672391176223754883e+00
1.675559639930725098e+00
1.678295612335205078e+00
1.680614352226257324e+00
1.682530403137207031e+00
1.684059977531433105e+00
1.685219168663024902e+00
1.686024904251098633e+00
1.686493754386901855e+00
1.686642765998840332e+00
1.686488986015319824e+00
1.686049461364746094e+00
1.685340762138366699e+00
1.684379100799560547e+00
1.683180689811706543e+00
1.681761264801025391e+00
1.680135726928710938e+00
1.678318738937377930e+00
1.676324009895324707e+00
1.674164414405822754e+00
1.671852231025695801e+00
1.669398784637451172e+00
1.666814923286437988e+00
1.664109587669372559e+00
1.661291360855102539e+00
1.658367872238159180e+00
1.655345678329467773e+00
1.652230143547058105e+00
1.649025559425354004e+00
1.645735263824462891e+00
1.642361879348754883e+00
1.638906598091125488e+00
1.635369539260864258e+00
1.631750583648681641e+00
1.628048181533813477e+00
1.624259829521179199e+00
1.620382308959960938e+00
1.616412162780761719e+00
1.612344861030578613e+00
1.608175158500671387e+00
1.603897452354431152e+00
1.599505901336669922e+00
1.594993948936462402e+00
1.590354681015014648e+00
1.585581541061401367e+00
1.580667138099670410e+00
1.575604677200317383e+00
1.570386886596679688e+00
1.565006971359252930e+00
1.559458136558532715e+00
1.553734183311462402e+00
1.547829151153564453e+00
1.541737318038940430e+00
1.535453438758850098e+00
1.528973340988159180e+00
1.522293329238891602e+00
1.515410304069519043e+00
1.508321881294250488e+00
1.501026511192321777e+00
1.493523478507995605e+00
1.485813379287719727e+00
1.477897405624389648e+00
1.469777584075927734e+00
1.461457252502441406e+00
1.452940702438354492e+00
1.444232940673828125e+00
1.435340285301208496e+00
1.426269769668579102e+00
1.417029500007629395e+00
1.407628774642944336e+00
1.398077607154846191e+00
1.388386726379394531e+00
1.378567934036254883e+00
1.368634223937988281e+00
1.358598947525024414e+00
1.348475933074951172e+00
1.338280081748962402e+00
1.328026771545410156e+00
1.317732214927673340e+00
1.307412743568420410e+00
1.297085165977478027e+00
1.286766767501831055e+00
1.276474952697753906e+00
1.266227364540100098e+00
1.256041765213012695e+00
1.245936393737792969e+00
1.235928654670715332e+00
1.226036667823791504e+00
1.216277837753295898e+00
1.206669807434082031e+00
1.197229504585266113e+00
1.187973618507385254e+00
1.178918600082397461e+00
1.170080184936523438e+00
1.161473751068115234e+00
1.153114080429077148e+00
1.145015478134155273e+00
1.137191295623779297e+00
1.129654288291931152e+00
1.122416496276855469e+00
1.115489244461059570e+00
1.108883023262023926e+00
1.102607369422912598e+00
1.096670985221862793e+00
1.091082215309143066e+00
1.085847973823547363e+00
1.080974459648132324e+00
1.076467156410217285e+00
1.072330832481384277e+00
1.068569064140319824e+00
1.065184712409973145e+00
1.062180042266845703e+00
1.059556007385253906e+00
1.057313442230224609e+00
1.055451989173889160e+00
1.053970575332641602e+00
1.052867293357849121e+00
1.052140235900878906e+00
1.051786184310913086e+00
1.051801562309265137e+00
1.052182197570800781e+00
1.052923440933227539e+00
1.054019808769226074e+00
1.055465936660766602e+00
1.057255029678344727e+00
1.059380769729614258e+00
1.061836004257202148e+00
1.064613461494445801e+00
1.067705273628234863e+00
1.071103572845458984e+00
1.074799656867980957e+00
1.078785300254821777e+00
1.083051323890686035e+00
1.087588787078857422e+00
1.092388510704040527e+00
1.097440719604492188e+00
1.102735400199890137e+00
1.108263015747070312e+00
1.114013314247131348e+00
1.119976043701171875e+00
1.126140832901000977e+00
1.132497072219848633e+00
1.139034271240234375e+00
1.145741343498229980e+00
1.152607202529907227e+00
1.159620881080627441e+00
1.166770815849304199e+00
1.174045562744140625e+00
1.181433796882629395e+00
1.188923358917236328e+00
1.196502447128295898e+00
1.204158782958984375e+00
1.211879968643188477e+00
1.219653367996215820e+00
1.227466702461242676e+00
1.235306978225708008e+00
1.243161320686340332e+00
1.251016259193420410e+00
1.258858680725097656e+00
1.266675233840942383e+00
1.274452567100524902e+00
1.282176733016967773e+00
1.289833903312683105e+00
1.297410249710083008e+00
1.304891586303710938e+00
1.312264204025268555e+00
1.319514155387878418e+00
1.326627254486083984e+00
1.333589553833007812e+00
1.340387582778930664e+00
1.347007155418395996e+00
1.353434801101684570e+00
1.359657168388366699e+00
1.365660786628723145e+00
1.371433019638061523e+00
1.376961231231689453e+00
1.382233023643493652e+00
1.387236714363098145e+00
1.391961097717285156e+00
1.396394729614257812e+00
1.400527596473693848e+00
1.404349803924560547e+00
1.407852172851562500e+00
1.411026120185852051e+00
1.413864016532897949e+00
1.416359305381774902e+00
1.418505549430847168e+00
1.420297265052795410e+00
1.421730279922485352e+00
1.422800779342651367e+00
1.423506379127502441e+00
1.423845887184143066e+00
1.423818111419677734e+00
1.423423886299133301e+00
1.422664284706115723e+00
1.421542048454284668e+00
1.420060753822326660e+00
1.418225049972534180e+00
1.416040658950805664e+00
1.413514256477355957e+00
1.410653829574584961e+00
1.407468199729919434e+00
1.403966784477233887e+00
1.400160312652587891e+00
1.396060585975646973e+00
1.391680240631103516e+00
1.387032270431518555e+00
1.382131457328796387e+00
1.376993060111999512e+00
1.371632695198059082e+00
1.366066813468933105e+00
1.360312104225158691e+00
1.354386091232299805e+00
1.348307132720947266e+00
1.342093229293823242e+00
1.335763096809387207e+00
1.329336166381835938e+00
1.322831630706787109e+00
1.316268563270568848e+00
1.309665918350219727e+00
1.303043246269226074e+00
1.296419143676757812e+00
1.289812684059143066e+00
1.283242225646972656e+00
1.276726245880126953e+00
1.270282387733459473e+00
1.263927698135375977e+00
1.257678508758544922e+00
1.251551151275634766e+00
1.245560526847839355e+00
1.239720940589904785e+00
1.234046220779418945e+00
1.228549003601074219e+00
1.223241209983825684e+00
1.218133687973022461e+00
1.213235735893249512e+00
1.208556532859802246e+00
1.204103827476501465e+00
1.199883818626403809e+00
1.195902228355407715e+00
1.192163467407226562e+00
1.188670992851257324e+00
1.185426592826843262e+00
1.182431221008300781e+00
1.179685473442077637e+00
1.177188158035278320e+00
1.174936771392822266e+00
1.172928690910339355e+00
1.171159505844116211e+00
1.169624447822570801e+00
1.168317675590515137e+00
1.167232394218444824e+00
1.166361689567565918e+00
1.165697097778320312e+00
1.165229678153991699e+00
1.164950370788574219e+00
1.164849162101745605e+00
1.164915680885314941e+00
1.165139317512512207e+00
1.165509104728698730e+00
1.166013836860656738e+00
1.166642189025878906e+00
1.167382717132568359e+00
1.168223500251770020e+00
1.169153690338134766e+00
1.170161604881286621e+00
1.171236991882324219e+00
1.172368884086608887e+00
1.173546314239501953e+00
1.174759507179260254e+00
1.175998449325561523e+00
1.177254199981689453e+00
1.178518176078796387e+00
1.179782390594482422e+00
1.181039452552795410e+00
1.182282924652099609e+00
1.183506369590759277e+00
1.184704542160034180e+00
1.185872554779052734e+00
1.187007069587707520e+00
1.188104629516601562e+00
1.189163327217102051e+00
1.190181016921997070e+00
1.191156983375549316e+00
1.192091107368469238e+00
1.192983984947204590e+00
1.193837046623229980e+00
1.194651842117309570e+00
1.195431232452392578e+00
1.196178317070007324e+00
1.196896672248840332e+00
1.197590470314025879e+00
1.198264598846435547e+00
1.198923945426940918e+00
1.199573993682861328e+00
1.200220346450805664e+00
1.200869083404541016e+00
1.201526284217834473e+00
1.202198386192321777e+00
1.202891588211059570e+00
1.203612327575683594e+00
1.204367041587829590e+00
1.205162167549133301e+00
1.206003427505493164e+00
1.206897020339965820e+00
1.207848668098449707e+00
1.208863615989685059e+00
1.209946990013122559e+00
1.211103200912475586e+00
1.212336540222167969e+00
1.213650584220886230e+00
1.215048551559448242e+00
1.216533541679382324e+00
1.218107581138610840e+00
1.219771981239318848e+00
1.221527934074401855e+00
1.223375558853149414e+00
1.225314855575561523e+00
1.227344989776611328e+00
1.229464411735534668e+00
1.231670975685119629e+00
1.233962178230285645e+00
1.236334919929504395e+00
1.238785386085510254e+00
1.241309046745300293e+00
1.243901371955871582e+00
1.246557235717773438e+00
1.249270677566528320e+00
1.252035498619079590e+00
1.254845380783081055e+00
1.257693886756896973e+00
1.260573744773864746e+00
1.263477802276611328e+00
1.266398429870605469e+00
1.269328236579895020e+00
1.272259473800659180e+00
1.275184631347656250e+00
1.278096079826354980e+00
1.280986189842224121e+00
1.283847451210021973e+00
1.286672830581665039e+00
1.289455175399780273e+00
1.292187809944152832e+00
1.294863939285278320e+00
1.297477602958679199e+00
1.300022959709167480e+00
1.302494883537292480e+00
1.304888367652893066e+00
1.307199001312255859e+00
1.309422850608825684e+00
1.311556577682495117e+00
1.313597083091735840e+00
1.315542459487915039e+00
1.317390918731689453e+00
1.319141268730163574e+00
1.320793032646179199e+00
1.322346091270446777e+00
1.323801040649414062e+00
1.325159192085266113e+00
1.326422333717346191e+00
1.327592611312866211e+00
1.328672885894775391e+00
1.329666256904602051e+00
1.330576539039611816e+00
1.331408262252807617e+00
1.332166314125061035e+00
1.332855463027954102e+00
1.333481192588806152e+00
1.334049344062805176e+00
1.334565997123718262e+00
1.335037589073181152e+00
1.335470438003540039e+00
1.335871696472167969e+00
1.336247801780700684e+00
1.336605906486511230e+00
1.336953163146972656e+00
1.337297081947326660e+00
1.337644219398498535e+00
1.338002085685729980e+00
1.338377356529235840e+00
1.338777065277099609e+00
1.339208006858825684e+00
1.339676737785339355e+00
1.340189695358276367e+00
1.340752959251403809e+00
1.341372251510620117e+00
1.342053413391113281e+00
1.342801690101623535e+00
1.343622446060180664e+00
1.344519734382629395e+00
1.345498442649841309e+00
1.346562504768371582e+00
1.347715139389038086e+00
1.348959922790527344e+00
1.350299835205078125e+00
1.351737618446350098e+00
1.353274822235107422e+00
1.354913592338562012e+00
1.356655120849609375e+00
1.358500480651855469e+00
1.360450267791748047e+00
1.362504601478576660e+00
1.364663839340209961e+00
1.366927385330200195e+00
1.369294404983520508e+00
1.371763825416564941e+00
1.374334573745727539e+00
1.377004742622375488e+00
1.379772305488586426e+00
1.382635354995727539e+00
1.385591268539428711e+00
1.388637185096740723e+00
1.391769886016845703e+00
1.394986391067504883e+00
1.398283362388610840e+00
1.401656985282897949e+00
1.405103445053100586e+00
1.408618688583374023e+00
1.412198305130004883e+00
1.415837764739990234e+00
1.419532179832458496e+00
1.423276662826538086e+00
1.427066445350646973e+00
1.430896162986755371e+00
1.434760093688964844e+00
1.438652753829956055e+00
1.442568063735961914e+00
1.446499943733215332e+00
1.450442433357238770e+00
1.454388737678527832e+00
1.458332419395446777e+00
1.462265968322753906e+00
1.466182589530944824e+00
1.470075249671936035e+00
1.473935961723327637e+00
1.477756977081298828e+00
1.481529831886291504e+00
1.485246658325195312e+00
1.488898873329162598e+00
1.492477416992187500e+00
1.495973348617553711e+00
1.499377489089965820e+00
1.502680063247680664e+00
1.505871295928955078e+00
1.508941650390625000e+00
1.511880755424499512e+00
1.514678239822387695e+00
1.517323493957519531e+00
1.519805908203125000e+00
1.522114634513854980e+00
1.524238705635070801e+00
1.526166796684265137e+00
1.527888178825378418e+00
1.529391288757324219e+00
1.530665159225463867e+00
1.531698346138000488e+00
1.532479763031005859e+00
1.532998204231262207e+00
1.533242821693420410e+00
1.533202767372131348e+00
1.532867074012756348e+00
1.532225608825683594e+00
1.531268239021301270e+00
1.529984951019287109e+00
1.528366327285766602e+00
1.526402831077575684e+00
1.524086117744445801e+00
1.521408081054687500e+00
1.518361091613769531e+00
1.514937758445739746e+00
1.511131525039672852e+00
1.506936669349670410e+00
1.502347946166992188e+00
1.497360706329345703e+00
1.491971135139465332e+00
1.486176252365112305e+00
1.479973793029785156e+00
1.473362565040588379e+00
1.466341733932495117e+00
1.458911776542663574e+00
1.451073884963989258e+00
1.442830443382263184e+00
1.434183955192565918e+00
1.425138354301452637e+00
1.415698766708374023e+00
1.405871033668518066e+00
1.395661711692810059e+00
1.385078072547912598e+00
1.374128818511962891e+00
1.362823247909545898e+00
1.351171255111694336e+00
1.339184165000915527e+00
1.326873779296875000e+00
1.314252376556396484e+00
1.301333427429199219e+00
1.288130879402160645e+00
1.274659156799316406e+00
1.260933876037597656e+00
1.246970534324645996e+00
1.232785344123840332e+00
1.218395352363586426e+00
1.203817605972290039e+00
1.189069867134094238e+00
1.174169778823852539e+00
1.159135460853576660e+00
1.143985271453857422e+00
1.128737211227416992e+00
1.113410115242004395e+00
1.098022341728210449e+00
1.082592248916625977e+00
1.067138075828552246e+00
1.051677942276000977e+00
1.036229968070983887e+00
1.020811438560485840e+00
1.005439758300781250e+00
9.901318550109863281e-01
9.749042391777038574e-01
9.597725868225097656e-01
9.447525143623352051e-01
9.298588633537292480e-01
9.151057004928588867e-01
9.005069732666015625e-01
8.860753178596496582e-01
8.718228340148925781e-01
8.577613234519958496e-01
8.439016342163085938e-01
8.302533626556396484e-01
8.168259263038635254e-01
8.036274313926696777e-01
7.906655669212341309e-01
7.779470086097717285e-01
7.654775977134704590e-01
7.532622814178466797e-01
7.413055896759033203e-01
7.296111583709716797e-01
7.181814312934875488e-01
7.070183157920837402e-01
6.961231231689453125e-01
6.854961514472961426e-01
6.751372814178466797e-01
6.650452613830566406e-01
6.552187204360961914e-01
6.456552147865295410e-01
6.363517642021179199e-01
6.273050904273986816e-01
6.185113787651062012e-01
6.099660992622375488e-01
6.016643047332763672e-01
5.936008095741271973e-01
5.857697725296020508e-01
5.781652927398681641e-01
5.707806944847106934e-01
5.636096596717834473e-01
5.566451549530029297e-01
5.498802661895751953e-01
5.433077216148376465e-01
5.369202494621276855e-01
5.307102203369140625e-01
5.246703624725341797e-01
5.187931060791015625e-01
5.130708813667297363e-01
5.074965357780456543e-01
5.020629167556762695e-01
4.967623949050903320e-01
4.915879368782043457e-01
4.865326583385467529e-01
4.815898239612579346e-01
4.767528474330902100e-01
4.720152318477630615e-01
4.673706293106079102e-01
4.628130793571472168e-01
4.583370089530944824e-01
4.539369940757751465e-01
4.496080279350280762e-01
4.453450143337249756e-01
4.411432147026062012e-01
4.369984567165374756e-01
4.329067170619964600e-01
4.288637936115264893e-01
4.248665571212768555e-01
4.209115803241729736e-01
4.169957935810089111e-01
4.131166934967041016e-01
4.092716276645660400e-01
4.054584503173828125e-01
4.016751050949096680e-01
3.979197144508361816e-01
3.941906690597534180e-01
3.904868066310882568e-01
3.868069648742675781e-01
3.831499814987182617e-01
3.795152604579925537e-01
3.759022653102874756e-01
3.723104298114776611e-01
3.687390685081481934e-01
3.651881217956542969e-01
3.616576194763183594e-01
3.581473231315612793e-01
3.546572923660278320e-01
3.511877954006195068e-01
3.477387428283691406e-01
3.443106412887573242e-01
3.409035503864288330e-01
3.375179171562194824e-01
3.341539502143859863e-01
3.308121562004089355e-01
3.274925649166107178e-01
3.241956830024719238e-01
3.209218084812164307e-01
3.176712691783905029e-01
3.144442737102508545e-01
3.112411797046661377e-01
3.080625534057617188e-01
3.049082159996032715e-01
3.017783761024475098e-01
2.986733913421630859e-01
2.955932319164276123e-01
2.925378084182739258e-01
2.895072102546691895e-01
2.865014076232910156e-01
2.835205197334289551e-01
2.805642485618591309e-01
2.776327133178710938e-01
2.747254073619842529e-01
2.718422114849090576e-01
2.689828872680664062e-01
2.661471962928771973e-01
2.633344829082489014e-01
2.605448067188262939e-01
2.577775418758392334e-01
2.550325691699981689e-01
2.523090839385986328e-01
2.496068328619003296e-01
2.469251900911331177e-01
2.442638128995895386e-01
2.416223585605621338e-01
2.390001118183135986e-01
2.363965958356857300e-01
2.338111698627471924e-01
2.312434762716293335e-01
2.286929637193679810e-01
2.261591702699661255e-01
2.236415147781372070e-01
2.211393564939498901e-01
2.186522930860519409e-01
2.161799371242523193e-01
2.137215733528137207e-01
2.112769037485122681e-01
2.088454961776733398e-01
2.064267992973327637e-01
2.040201574563980103e-01
2.016253620386123657e-01
1.992422044277191162e-01
1.968699991703033447e-01
1.945082843303680420e-01
1.921569108963012695e-01
1.898154914379119873e-01
1.874836385250091553e-01
1.851608306169509888e-01
1.828470528125762939e-01
1.805421262979507446e-01
1.782452762126922607e-01
1.759564429521560669e-01
1.736755669116973877e-01
1.714021265506744385e-01
1.691361218690872192e-01
1.668772399425506592e-01
1.646251827478408813e-01
1.623800843954086304e-01
1.601413935422897339e-01
1.579092293977737427e-01
1.556833535432815552e-01
1.534636169672012329e-01
1.512497812509536743e-01
1.490420699119567871e-01
1.468399167060852051e-01
1.446434706449508667e-01
1.424528956413269043e-01
1.402680426836013794e-01
1.380888968706130981e-01
1.359154731035232544e-01
1.337477266788482666e-01
1.315857768058776855e-01
1.294294893741607666e-01
1.272789090871810913e-01
1.251341998577117920e-01
1.229955181479454041e-01
1.208630949258804321e-01
1.187369599938392639e-01
1.166171729564666748e-01
1.145037114620208740e-01
1.123970150947570801e-01
1.102973595261573792e-01
1.082050949335098267e-01
1.061202362179756165e-01
1.040430739521980286e-01
1.019740179181098938e-01
9.991339594125747681e-02
9.786150604486465454e-02
9.581873565912246704e-02
9.378544986248016357e-02
9.176206588745117188e-02
8.974900841712951660e-02
8.774673193693161011e-02
8.575569093227386475e-02
8.377639949321746826e-02
8.180933445692062378e-02
7.985505461692810059e-02
7.791407406330108643e-02
7.598697394132614136e-02
7.407430559396743774e-02
7.217667996883392334e-02
7.029467076063156128e-02
6.842891126871109009e-02
6.657999753952026367e-02
6.474857777357101440e-02
6.293527036905288696e-02
6.114071607589721680e-02
5.936555191874504089e-02
5.761042982339859009e-02
5.587597191333770752e-02
5.416283383965492249e-02
5.247163027524948120e-02
5.080300197005271912e-02
4.915755614638328552e-02
4.753591120243072510e-02
4.593865200877189636e-02
4.436636716127395630e-02
4.281961172819137573e-02
4.129895195364952087e-02
3.980489447712898254e-02
3.833796083927154541e-02
3.689862787723541260e-02
3.548736125230789185e-02
3.410458192229270935e-02
3.275071084499359131e-02
3.142610937356948853e-02
3.013113699853420258e-02
2.886609174311161041e-02
2.763126790523529053e-02
2.642690204083919525e-02
2.525321580469608307e-02
2.411037310957908630e-02
2.299852669239044189e-02
2.191776782274246216e-02
2.086817100644111633e-02
1.984975486993789673e-02
