11000000101110010001000000000000
00111111001101000001110000000000
11000001000111111110110000000000
11000000010010011110000100000000
11000001011000110101010110000000
11000000111000000111011000000000
11000001100100110110011010100000
11000001001011100000001100000000
11000001101101010010010111000000
11000001011010111101011010000000
11000001110101101110110101100000
11000001100101001101100110000000
11000001111110001011110001100000
11000001101100111100111111100000
11000010000011010100101011100000
11000001110100101100110111100000
11000010000111100011110010000000
11000001111100011101010101100000
11000010001011110011010010110000
11000010000010000111001101110000
11000010010000000011001100010000
11000010000110000000001001110000
11000010010100010011100111100000
11000010001001111001011111000000
11000010011000100100011111100000
11000010001101110011010001110000
11000010011100110101111101110000
11000010010001101101100011010000
11000010100000100100000000110000
11000010010101101000010101110000
11000010100010101101010111011000
11000010011001100011101110100000
11000010100100110111000011111000
11000010011101011111101100110000
11000010100111000001001000001000
11000010100000101110001010101000
11000010101001001011100101101000
11000010100010101100110101010000
11000010101011010110011101100000
11000010100100101011110111010000
11000010101101100001110001000000
11000010100110101011010010100000
11000010101111101101100010101000
11000010101000101011001000001000
11000010110001111001110011100000
11000010101010101011011001100000
11000010110100000110100100111000
11000010101100101100001000100000
11000010110110010011111000110000
11000010101110101101010110011000
11000010111000100001110000111000
11000010110000101111000100011000
11000010111010110000001110011000
11000010110010110001010100111000
11000010111100111111010100101000
11000010110100110100001000000000
11000010111111001111000010110000
11000010110110110111100000000000
11000011000000101111101110001100
11000010111000111011011111110000
11000011000001111000010001010100
11000010111011000000000111101000
11000011000011000001001011111000
11000010111101000101011001011000
11000011000100001010011110110100
11000010111111001011010110110000
11000011000101010100001010110100
11000011000000101001000001000100
11000011000110011110010001000100
11000011000001101100101110101000
11000011000111101000110011000000
11000011000010110000110100100100
11000011001000110011110000110000
11000011000011110101010100100100
11000011001001111111001100010000
11000011000100111010001110111000
11000011001011001011000110001100
11000011000101111111100101000100
11000011001100010111100000000100
11000011000111000101011000000000
11000011001101100100011010101000
11000011001000001011101000110100
11000011001110110001110111001100
11000011001001010010011000010100
11000011001111111111110110111000
11000011001010011001101000000100
11000011010001001110011011010100
11000011001011100001011000110000
11000011010010011101100101010000
11000011001100101001101100010100
11000011010011101101010110110100
11000011001101110010100011010000
11000011010100111101110000101100
11000011001110111011111111100000
11000011010110001110110100100000
11000011010000000110000001100100
11000011010111100000100011111000
11000011010001010000101011100100
11000011011000110011000000000000
11000011010010011011111110111100
11000011011010000110001011001000
11000011010011100111111100100100
11000011011011011010000110100000
11000011010100110100100110101100
11000011011100101110110011011100
11000011010110000001111110001100
11000011011110000100010100010000
11000011010111010000000101010000
11000011011111011010101010100100
11000011011000011110111101011100
11000011100000011000111100001000
11000011011001101110101000010100
11000011100001000100111111101110
11000011011010111111001000001100
11000011100001110001100000111010
11000011011100010000011110100000
11000011100010011110100000111110
11000011011101100010101101111000
11000011100011001100000000111000
11000011011110110101110111011000
11000011100011111010000001101000
11000011100000000100111110111110
11000011100100101000100100110110
11000011100000101111100001111110
11000011100101010111101011010110
11000011100001011010100101100110
11000011100110000111010110101100
11000011100010000110001011011000
11000011100110110111101000001010
11000011100010110010010100011110
11000011100111101000100001001110
11000011100011011111000010000100
11000011101000011010000011001010
11000011100100001100010101110010
11000011101001001100001111110110
11000011100100111010010001001100
11000011101001111111001000101110
11000011100101101000110101101100
11000011101010110010101111100010
11000011100110011000000101000010
11000011101011100111000101111110
11000011100111001000000000110110
11000011101100011100001110000100
11000011100111111000101011000100
11000011101101010010001001111110
11000011101000101010000101011110
11000011101110001000111011011000
11000011101001011100010010010010
11000011101111000000100100101000
11000011101010001111010011100000
11000011101111111001001000001110
11000011101011000011001011011100
11000011110000110010101000010100
11000011101011110111111100010110
11000011110001101101000111101110
11000011101100101101101000111000
11000011110010101000101001000000
11000011101101100100010011111000
11000011110011100101001111011000
11000011101110011100000000010000
11000011110100100010111101011000
11000011101111010100110000010110
11000011110101100001110110101100
11000011110000001110101000010000
11000011110110100001111110101000
11000011110001001001101011000000
11000011110111100011011000111110
11000011110010000101111100010110
11000011111000100110001001010110
11000011110011000011100000010000
11000011111001101010010100011010
11000011110100000010011010111110
11000011111010101111111110001000
11000011110101000010110000111110
11000011111011110111001011101000
11000011110110000100100111000100
11000011111101000000000010000100
11000011110111001000000010111100
11000011111110001010100110110010
11000011111000001101001001100100
11000011111111010110111111101010
11000011111001010100000001100110
11000100000000010010101001101100
11000011111010011100110001100110
11000100000000111010110100001010
11000011111011100111100000100010
11000100000001100100000011001000
11000011111100110100010110011000
11000100000010001110011010101000
11000011111110000011011011110010
11000100000010111001111111000110
11000011111111010100111001111000
11000100000011100110110101001000
11000100000000010100011101100001
11000100000100010101000010000010
11000100000000111111110101010010
11000100000101000100101011100000
11000100000001101100101010011001
11000100000101110101110111101101
11000100000010011011000011101111
11000100000110101000101101100110
11000100000011001011001000111001
11000100000111011101010100101110
11000100000011111101000010011011
11000100001000010011110101011111
11000100000100110000111001110111
11000100001001001100011001000110
11000100000101100110111001110001
11000100001010000111001010000001
11000100000110011111001110010100
11000100001011000100010011110111
11000100000111011010000101000110
11000100001100000100000011100110
11000100001000010111101101101111
11000100001101000110101000000000
11000100001001011000011010001010
11000100001110001100010001111010
11000100001010011100011110111100
11000100001111010101010100010110
11000100001011100100010100000011
11000100010000100010000101010000
11000100001100110000010101101010
11000100010001110010111101111001
11000100001110000001000101000001
11000100010011001000011011110001
11000100001111010111001001110011
11000100010100100011000001011101
11000100010000110011010011110110
11000100010110000011011000000011
11000100010010010110011101101100
11000100010111101010010000010001
11000100010100000001101111110111
11000100011001011000100101100001
11000100010101110110100101100100
11000100011011001111100000010001
11000100010111110110110100010101
11000100011101010000011010110111
11000100011010000100110110101101
11000100011111011101000111100000
11000100011100100011111101100010
11000100100000111011111101001000
11000100011111011000101101101010
11000100100010010001111011110110
11000100100001010100111010001000
11000100100011110010100111000000
11000100100011010000110110000010
11000100100101100001000000100011
11000100100101101000111100010000
11000100100111100001110000110100
11000100101000101101110100110111
11000100101001111100101000010110
11000100101101000101011010010011
11000100101101000000110010011000
11000100110100101000111111001010
11000100110001010110100100101000
11000101000111001000100100111100
11000100111011000001011101100101
11000100011101001011001111100111
11000100110100011000100111101110
11000100100111100111110011000110
11000101000000000011111101100100
11000101000101011101001000001101
11000100111010101001111011010000
11000011111111101000011010101110
11000101000011011100001111110100
11000100111011110101100001111000
11000101010101001111100011101100
11000101000001010110100000100000
11000101001100111001100100011000
11000101000010010010011100101100
11000100001101100101001010000000
01000100011101000011100110100010
01000100101001011101100100011100
11000010100011001100110011000000
11000011101010111001001111000100
11000011100100100110101110001000
11000100010110111100001001010000
11000100110100111011101111101010
11000101001101011010000000101111
11000011101011101011010011011000
01000100100000101010011101010100
01000011100110111100101001110000
11000100000010110101001110010101
11000100000001101000111010110000
11000100110010011010011000110101
11000100000111111111001010001101
11000101001110011100000000100100
11000101000000001001111011101100
01000011001011011001100111001100
01000011100110000111010111001110
11000100011111001001110011111010
11000010100100011111110010001000
11000100100001000111100101111110
11000100000100111111101100101100
11000100111011011110000111011110
11000011001110011100100010001000
01000100101101100010110101011100
11000100001010100111110110000011
11000010011011111000011010010000
11000100100011100110101111011000
11000100100001000100010111000011
11000100111101100001100011000010
11000100110110000101000001101000
11000011101111101101110001101100
01000100001000001000000110010111
11000011000001000100001000110000
11000100000101101001000000010100
01000011001010001010111000111000
01000100011010001100000100100110
01000011001100110001110110110000
01000011011110000010111000000000
01000011101100111100010000111000
11000011110101011010111011001010
11000001100110100000011010000000
11000100101011010000011100011010
11000011110011100101110001100010
01000011100010011100011000110100
11000100010100011011110100111011
11000100010101011100110000100000
11000100001011000011110101101001
11000100101001001111001100001010
11000100111011100001010111110100
11000011110110111101011110010010
01000100000100111100100110010000
11000011010110000110011010101000
11000100100100010010111010111110
11000100000010011111010000011111
11000011110000111000000011011000
11000100101001110000110000100110
11000100101000011011001011101011
11000101000001011011001111100100
11000100011001001011110000001101
11000101001001101111101110000000
11000100100000110001111101010110
11000101000111001000110011001000
11000101011111111101001000101110
11000100100000000000000001101001
01000100101010111011011101011110
01000101010110101101110010101110
01000100110100100010010100010000
01000100101010111110111100101110
01000011110001100011101000000110
01000011111000111010001101010110
01000100010011000110010001011110
01000100110111011011100110111010
01000100101101000001010110100000
01000100011001110010111000111001
01000011101001100111000100110000
01000011110111111101101111010100
11000010110100011011111011000000
01000011010101111010110110100100
11000010011100011001001110000000
11000011100100010001001000011000
01000011100010001101011100011110
11000100100100110011100111111010
01000011000001101101100011011000
11000100001000100111010100010110
11000100000110001111110111010000
11000011111100110011110111110000
11000100000100011110011011100111
01000100001110000111011011101100
11000011011001010101101100111100
01000011010111101111011010111100
01000010111000111101111010010000
01000011010011000011101011010100
01000010011010110011010001000000
01000000100010011101110110000000
11000011111000111110001010000110
11000010101100010000111010010000
11000100001010011000111100101001
11000010011111111010001110110000
11000100100001110100011000000100
11000100011000011011011010111100
01000011111100000001010100001100
11000011100110110110001011110100
11000100010000101001110110011010
01000010110101111101011000100000
11000010010011001011001100000000
01000011011010010000100110011100
11000011110111100000101101011000
11000100001011110110110111001010
11000100100001010100000001000100
11000100111101110001001111111010
01000010111100101000001011100000
01000100100111000111101010000010
11000011011110001001111001011000
11000011001111100001000011111000
01000011110010111110001100110110
11000100001111010101101111110100
11000011000011111000010011000000
11000010001101011101000111100000
11000011100110101110000001101100
11000100100001100100010111110111
01000100001101011110101001000101
01000011111000100000011110100100
11000100000010101101100101000011
11000100010111100000111011110001
01000010110001111101110010110000
11000011100110101110001110101000
11000100000110011010001101010010
11000100101011101101001100101011
01000011111101111000100010001000
01000011111010011010111010101110
01000001010101010000010111000000
11000010011001010000111100100000
11000010101011001011100011110000
11000100010100111110110011000101
11000100000010101111010110110001
01000100001111111110111000011101
11000100000011001011111101001011
01000010001010101000100101010000
11000010001011000001010100110000
01000100001000011010101000010011
11000010100110000111001101100000
11000011000101001000111100001000
11000100001100010101001001001010
11000100100010010000000100110110
11000011101110110001110001000010
01000100000000100010110110101001
11000100000111011100010101010101
11000011101000011100111001010100
11000011100000100011010010111110
11000100011000000001111000110000
11000011100000101101100110100100
01000100011011011011111000010100
11000001000111101101011001000000
01000010101010000101010000010000
11000100001001101111011011000011
11000100000001011011111000101011
11000100001100011111100001101111
11000100011001100010101010101011
11000010010010000101110000000000
11000100010100111100111011110100
11000100011111100101011100101101
11000101000101011101110011111001
11000101000100011001100101010000
01000011110110100101110010100010
01000100001101010010100100001111
11000100010100011011011111111101
11000100100001011001110010011110
11000011110001111000001011110110
01000011110101001010001101100000
11000100000001010111100101001100
01000010110111101011100010100000
11000011111010111010000001011000
11000100110011111001001111001000
11000011110111001001011111001010
01000100100001000001101101111110
01000100100001101010101111001000
11000011100101110111000110000010
01000100010010111011101001111101
11000011111101100011111010111000
11000011010011110101000011001100
01000010010111011111110011100000
01000011111101000010111111011000
11000100000101110110000101100110
11000100000000010000101101001100
11000100101010110111011011101101
11000100100011000110110101000101
11000100010000101011010011100000
11000011110001101000011010011110
11000100101100110001100110101100
01000100100000001010010010100010
11000100101101000010000011110100
11000100011100011110000111100000
01000100001001100101110110100010
01000100101010110111111111010010
11000010110011010110111110101000
11000011011101011001011000010100
01000011001101000101110110010000
11000011100000111001101111100000
11000011101000101110000000110100
11000100110101001000100000101000
11000100010100110010000100000111
01000100010100110100100100000000
11000100001010001010011000111101
11000100110011001011011111011111
11000100000000111001001010100000
11000010111001010110110010000000
11000100010010101000001010001101
01000011010101110101101010001000
01000100001001111110001110110000
01000100000111011101110000101011
11000100101110010110010110011110
11000100010000100000001011101010
01000100110000101000001101100011
01000100101010110010101111111110
01000100101101100011100001000111
01000100100101001101100100010010
01000100010100110000100001011000
01000011010000111001011101101100
11000011001110010111001011010100
11000100011111100110001100111001
01000100011011000000010000011111
01000100010111101110011100000100
11000011000101101101110001010100
01000011111111001001110110011100
01000100001011111011000000011110
11000100101000010100111101001000
01000010111001010101100110110000
01000100010010010110111011101100
01000011110110100001010010111100
11000011111100001101000111110000
01000010100101011010101100111000
01000100111100000011100000001111
01000011000011110100000000001100
01000011011100001010011011010000
11000011110001101111101001101110
01000011010011111110110011000100
01000100011001000010110001110010
01000001100001001100110110000000
11000100001000100001110000011001
01000011010101000100110010111100
01000011010011001111111101110100
11000100100011001100111111101010
01000100000101010100101101100101
01000100101010000001101100110001
01000011101101011100101100110010
11000011110010010011011011110110
11000011111101110110010111010100
01000011110001101100100100101100
01000011010011110000001010111100
11000011110111110101010001110000
01000100001000110111101111100101
11000000110110110011110110000000
11000011110010110011001100110110
01000011101000001001011110100110
11000001000010111100011100000000
01000011000001100101111111010100
11000010011001011100011101100000
01000011100110000010100111000110
11000011111111001011000011101110
11000100100001111010111010001011
01000011000011010110110101101100
01000010100100010001111001010000
11000100000001110111110011101010
11000100001011000111110100100011
11000100110110110011011100100110
01000011001011000010000011110100
01000100011000101001011010010100
01000011010100100011010100101000
11000100001110011111100111111100
01000100000011101111110000010010
01000011100001000001000001111010
01000011001101010101100001010000
11000100010111011011100000111111
11000010110000011110110000101000
11000100101000011010000000110110
01000011110111100100100001100000
11000100001111111100111100010101
11000100100001110000011111111110
01000000111011001010010110000000
01000100010111011110101011110101
01000011001100001011001110011100
11000100100101101100111000110010
11000011100100111100101000100000
01000100101111001001010110110011
01000100001111110001111000100000
11000011110101100110010110110010
01000011100001011110000101000010
01000011101011001000111010110100
11000011010111010110010100111100
01000100000110101110101010101001
01000100110010101101111000011110
01000011111000011101111111011010
11000010101101000011111100100000
01000100000101000001101010001101
01000011001010011001101010110000
01000011101000000110110100110110
01000100000000001110000011101010
11000100011100100101100111011010
01000100000100000110011110110011
01000100010111111010001010101011
01000100100001101100001001110100
01000100001011001001001000000110
01000011100101011110110010011010
01000011101111010101111001000000
11000011110111000000000100001000
11000011010110110011111110101100
01000011101001101001110011011010
01000001110110011110100100100000
11000011001111111101111011100100
11000010010011000101011100000000
01000100000000101011000110111001
01000100000011010101111000010110
11000100000111101100101010110011
01000011100001000011010011001110
01000011110011110011011111000100
01000010110000011100011100101000
11000100011011110100001100110100
01000011100001010011111111110110
11000100010100001110010100111011
01000010010011011101111011000000
01000100001011111111100100010000
11000100001010111001101011111100
01000100110011100101011111111010
01000101000001100111110111010110
01000011110001101010110111100000
01000100001110110110011111110100
11000010111001001110101010110000
01000011100011110110011000110010
01000011100111110101111100000010
11000011000101100001110000110100
11000100001101001010101100101100
11000100000011101101011011010011
01000100011111100011011111101100
01000011000111011111110100011000
01000010000001111001100001100000
11000011010000011111000100010000
01000010111111100000011100010000
11000011101110100011010100000010
11000011010010100000110111100000
11000100100011000001100100111101
11000010110100001010100000010000
11000100110010100001000110011010
11000101000100110101010101011100
11000100001101100110011101000101
01000100001110010110000101111100
01000011010111111010011001100000
01000100100000100011001111111100
01000100100100111011001001110010
01000100100101011100010010101000
01000011001110101010101100111000
01000100100010011100100010100110
01000100100011100011110001100000
01000100000001101111011100001110
01000100010110100110101001011100
01000011101000100001001000011110
11000011101111011010001011101100
11000100011000100010101111100010
11000100000111011100001001111010
11000100000010100000100011101000
01000011100010001010001011010100
01000100110011100110001010010101
01000011011010101011000010101000
11000010010111111001100100000000
01000100010001001011110111011001
01000100100000101011111101110101
01000100001111100100010001001101
11000010101000001011101001100000
11000011101110110011100101010100
11000100110010100100011101110010
11000100100100010010101110011011
11000010001011001101100111100000
01000100101000011001001110100100
01000100011101011000011100110101
01000011111101111011010110010100
01000100100101101000000000000000
01000100101100100110110100010110
01000010010101001011011000000000
01000100100110101011000001010110
01000100100011000011111001100100
01000011010001101000101100010000
01000100101111001100101010000110
01000011100010000101111010001000
01000011111110110100011100110000
01000011011011101100001010111000
01000011010100011001101111111100
11000100011110111111011111000110
11000100011011100001110010100001
01000100001110101111100011110010
11000011010110011011011110111000
01000100100011111011111000011110
01000100110111001100111000101100
01000100000011101101101001010111
11000010110100110010011001111000
11000100001010001110110101101101
01000100100000010100011100110000
01000011111101101010111110111100
01000010101001111111000110111000
01000100011001100100100110000000
11000011001011010111111011010100
01000100000010101010100111001101
01000011100111000101000010010000
11000010110111110111101000110000
01000011110111101110111001010110
11000011110101100000110100111100
01000010110011110110010011101000
11000100101000110111001100101010
11000100010100110100000110111000
11000100011111100011011110001100
11000100000101001001100001111110
11000011010111110110000011101000
01000100111110100000011110110000
01000100010001100000100000110010
11000011110000010000010110111100
01000100100100000100111101101110
01000100010110111110000101111101
11000100011000101110100110111000
11000011111110111101110100110100
11000011001110110100010101111100
01000100100100011111100011001011
01000100010010011110010010101001
01000100100110100010000001101111
01000011011010011110100000011100
01000011100111111010101101111100
01000011011011001010010010110100
01000100011000001110011011101011
11000100000101010110001000011000
01000100001001001011011110110101
01000100011111001100101101000111
01000100101111011111010110001101
01000100001100111111110010111000
01000010001010011000010010010000
01000100011110000111110110111010
01000100100111100100011110010011
01000101000000100011110111011111
01000011110101010001000101100010
01000100011101101000111000101010
11000010101101101001001011011000
01000100100010001010100100100001
01000100011101100010001101101110
01000100011111011000011001101101
01000011110001101111101011110100
01000011001111101011101010100000
11000010011101101010100111110000
01000100100001101100100110011010
11000011011101101110110100111100
01000100000010000010110100010010
01000100010011111011001111101011
01000100000111010010000111110111
11000100011010101001001111000111
11000100010010111011101010010000
01000100100001110010100010100111
01000100001010000000110101010110
11000100000111000011010110111100
01000100000110111001110011111101
01000100100100000000100010100010
01000100011111100001100100111011
01000011111010001111111001111100
01000100111011111010101010111110
01000101000000100111111001101100
11000011011011010001101110101100
01000011111001000011111100111110
01000100111100011101001101101000
01000100100100000011100100110111
01000100110001001010001001010111
01000100101011101101010111111100
01000011111000110011101010001000
01000100111000101011010010100110
01000011011000110011011010110100
01000100100000000100000011001100
01000100001001011011100001111101
01000011101001101000001010001110
11000010100001011011111001010000
01000100001101001111010000111100
01000011011001101000101010001100
01000011000010011010110101101000
01000101000111000000111011111111
01000100111011000001000110001111
01000100110001000001100010001110
01000100101111010010000101011110
01000100100000011001001110011110
01000100100010011010101011010010
01000100001001100111000001001100
01000011000001001010111100001100
01000100101011011010010100100101
01000100111001111100010001111001
01000100111011011000100001010111
01000100010110111000100010000110
01000100010100101011100001110000
11000011111101000000111110100000
01000100101100110110101100010000
01000101001001110111001000110001
01000101000111000011011110101110
01000100101010000001101100011010
01000100110010011001001000111010
01000101000100001111101110011001
01000100111110010000011011010000
01000100110010111110010001001010
01000100110001010000011001100110
01000100101100000001100001101001
01000100101100000110111100111100
01000100100111111010010000100110
01000100101000101110001000001100
01000100100100111111111000100110
01000100100110001010010110000010
01000100100010101111110101011010
01000100100100000110001000011111
01000100100000111010011111101110
01000100100010010111000100001001
01000100011110101111000001111010
01000100100000110111001101111110
01000100011100000011110100110111
01000100011111000101110000001111
01000100011001101100111110011011
01000100011100101111000110101101
01000100010111100110000111110011
01000100011010100110111110101000
01000100010101101100001010111011
01000100011000101010110011010110
01000100010011111100110101111101
01000100010110111000101000101010
01000100010010010110011010100100
01000100010101001110111110011000
01000100010000110111100011011001
01000100010011101100101000100001
01000100001111011111001100101011
01000100010010010000101001111001
01000100001110001100100000000100
01000100010000111010010000100010
01000100001100111110110001001001
01000100001111101000110011001000
01000100001011110101011011010001
01000100001110011011101111001010
01000100001010101111111111011101
01000100001101010010100111011001
01000100001001101110000100000110
01000100001100001101000010110010
01000100001000101111010010110110
01000100001011001010101100000000
01000100000111110011011000101011
01000100001010001011010000011000
01000100000110111010000101001010
01000100001001001110011111110100
01000100000110000011001001111010
01000100001000010100001100000011
01000100000101001110011010010101
01000100000111011100001000011110
01000100000100011011101011010000
01000100000110100110001010001010
01000100000011101010110010110101
01000100000101110010000110111110
01000100000010111011101000010111
01000100000100111111110110001100
01000100000010001110000011110101
01000100000100001111001111110011
01000100000001100001111110010011
01000100000011100000001100101101
01000100000000110111010001011011
01000100000010110010100110010010
01000100000000001101110111011000
01000100000010000110010110110011
01000011111111001011010101111100
01000100000001011011011000110011
01000011111101111101001110110100
01000100000000110001100111010100
01000011111100110001010000101110
01000100000000001000111101111111
01000011111011100111010011101100
01000011111111000010110001001000
01000011111010011111010000011110
01000011111101110101100110110000
01000011111001011001000000001000
01000011111100101010010101110010
01000011111000010100011100101010
01000011111011100000110111111010
01000011110111010001100000011100
01000011111010011001000110111100
01000011110110010000000101110000
01000011111001010010111101001100
01000011110101010000001000000110
01000011111000001110010101110010
01000011110100010001100010100100
01000011110111001011001011111000
01000011110011010100010001000010
01000011110110001001011010111010
01000011110010011000001111011100
01000011110101001000111110110010
01000011110001011101011010010000
01000011110100001001110011100100
01000011110000100011101101110000
01000011110011001011110101100010
01000011101111101011000110101100
01000011110010001111000001000100
01000011101110110011100010000110
01000011110001010011010011010110
01000011101101111100111100111110
01000011110000011000101000111000
01000011101101000111010100110010
01000011101111011110111111001010
01000011101100010010100110101110
01000011101110100110010011010010
01000011101011011110110000101000
01000011101101101110100010101110
01000011101010101011101111111100
01000011101100110111101011000110
01000011101001111001100010101110
01000011101100000001101001111110
01000011101001001000000110111000
01000011101011001100011101011100
01000011101000010111011010010110
01000011101010011000000011010000
01000011100111100111011011100010
01000011101001100100011001011000
01000011100110111000001000011110
01000011101000110001011110001010
01000011100110001001011111100000
01000011100111111111001111110000
01000011100101011011011111000000
01000011100111001101101100011000
01000011100100101110000101110000
01000011100110011100110010100110
01000011100100000001010010000010
01000011100101101100100000111000
01000011100011010101000010100100
01000011100100111100110101011100
01000011100010101001010110001010
01000011100100001101101111001100
01000011100001111110001011001110
01000011100011011111001100110010
01000011100001010011100000110000
01000011100010110001001100110110
01000011100000101001010101101010
01000011100010000011101110010010
01000011011111111111010001111000
01000011100001010110101111101010
01000011011110101100110010011000
01000011100000101010010000000000
01000011011101011011001011101100
01000011011111111100011100101100
01000011011100001010011010111100
01000011011110100101010010111100
01000011011010111010011110101100
01000011011101001111000000110000
01000011011001101011010101011100
01000011011011111001100100100000
01000011011000011100111101000000
01000011011010100100111100000100
01000011010111001111010011111000
01000011011001010001000101101100
01000011010110000010011000001100
01000011010111111101111111110100
01000011010100110110001001000000
01000011010110101011101000100100
01000011010011101010100100011100
01000011010101011001111110011100
01000011010010011111101000110000
01000011010100001001000000000100
01000011010001010101010101000100
01000011010010111000101011100000
01000011010000001011100111101100
01000011010001101000111111111000
01000011001111000010011111110000
01000011010000011001111011001100
01000011001101111001111011001000
01000011001111001011011100011100
01000011001100110001111001100100
01000011001101111101100010010100
01000011001011101010011001010100
01000011001100110000001011001100
01000011001010100011011001011000
01000011001011100011010110000100
01000011001001011100111000100000
01000011001010010111000010001100
01000011001000010110110101110000
01000011001001001011001101100000
01000011000111010001001111110100
01000011000111111111110111001100
01000011000110001100000110001000
01000011000110110100111110101100
01000011000101000111010110111000
01000011000101101010100001111000
01000011000100000011000010001000
01000011000100100000100000110000
01000011000010111111000110010100
01000011000011010110111001101100
01000011000001111011100010101100
01000011000010001101101011101100
01000011000000111000010101110100
01000011000001000100110110000000
01000010111111101010111111011000
01000010111111111000101110111000
01000010111101100101111101101000
01000010111101101000011110110000
01000010111011100001100100110000
01000010111011011000111001100000
01000010111001011101110011111000
01000010111001001001111100101000
01000010110111011010101000001000
01000010110110111011100111101000
01000010110101011000000000111000
01000010110100101101110111111000
01000010110011010101111100111000
01000010110010100000101011100000
01000010110001010100011001101000
01000010110000010100000010010000
01000010101111010011010110010000
01000010101110000111111001000000
01000010101101010010110000101000
01000010101011111100001110001000
01000010101011010010101000001000
01000010101001110001000001010000
01000010101001010010111010010000
01000010100111100110001111010000
01000010100111010011100110110000
01000010100101011011111000100000
01000010100101010100101011101000
01000010100011010001111010011000
01000010100011010110000111111000
01000010100001001000010011010000
01000010100001010111111001011000
01000010011101111110000011000000
01000010011110110011111111000000
01000010011001101100001010000000
01000010011010111000110010010000
01000010010101011010110101010000
01000010010110111110001000110000
01000010010001001010000011110000
01000010010011000011111111110000
01000010001100111001110010010000
01000010001111001010010100100000
01000010001000101001111110110000
01000010001011010001000110110000
01000010000100011010100100010000
01000010000111011000010001110000
01000010000000001011100011100000
01000010000011011111110011010000
01000001110111111001101100000000
01000001111111001111010010000000
01000001101111011100111000000000
01000001110111011111100100000000
01000001100111000000100010000000
01000001101111110000010001100000
01000001011101001001010011000000
01000001101000000001011101100000
01000001001100010001111101000000
01000001100000010010111100000000
01000000110110110110100100000000
01000001010001001001010001000000
01000000001010010011001100000000
01000001000001101101001100000000
10111111110010001010110000000000
01000000100100100010110010000000
