-0.000044
0.000005
-0.000076
-0.000024
-0.000108
-0.000054
-0.000141
-0.000083
-0.000173
-0.000112
-0.000205
-0.000142
-0.000237
-0.000171
-0.000269
-0.000201
-0.000302
-0.000231
-0.000334
-0.000260
-0.000367
-0.000290
-0.000399
-0.000320
-0.000432
-0.000349
-0.000464
-0.000379
-0.000497
-0.000409
-0.000530
-0.000439
-0.000562
-0.000469
-0.000595
-0.000499
-0.000628
-0.000529
-0.000661
-0.000560
-0.000695
-0.000590
-0.000728
-0.000621
-0.000761
-0.000651
-0.000795
-0.000682
-0.000829
-0.000713
-0.000863
-0.000744
-0.000897
-0.000775
-0.000931
-0.000806
-0.000965
-0.000837
-0.000999
-0.000869
-0.001034
-0.000900
-0.001069
-0.000932
-0.001104
-0.000964
-0.001139
-0.000996
-0.001174
-0.001028
-0.001210
-0.001061
-0.001245
-0.001094
-0.001281
-0.001126
-0.001318
-0.001159
-0.001354
-0.001193
-0.001391
-0.001226
-0.001428
-0.001260
-0.001465
-0.001294
-0.001502
-0.001328
-0.001540
-0.001363
-0.001578
-0.001397
-0.001616
-0.001432
-0.001655
-0.001468
-0.001694
-0.001503
-0.001733
-0.001539
-0.001773
-0.001575
-0.001813
-0.001612
-0.001853
-0.001649
-0.001894
-0.001686
-0.001935
-0.001724
-0.001977
-0.001762
-0.002019
-0.001800
-0.002061
-0.001839
-0.002104
-0.001878
-0.002148
-0.001918
-0.002192
-0.001958
-0.002236
-0.001998
-0.002281
-0.002040
-0.002326
-0.002081
-0.002372
-0.002123
-0.002419
-0.002166
-0.002466
-0.002209
-0.002514
-0.002253
-0.002563
-0.002297
-0.002612
-0.002342
-0.002662
-0.002388
-0.002712
-0.002434
-0.002764
-0.002482
-0.002816
-0.002529
-0.002869
-0.002578
-0.002923
-0.002628
-0.002978
-0.002678
-0.003034
-0.002729
-0.003091
-0.002781
-0.003148
-0.002834
-0.003207
-0.002888
-0.003267
-0.002944
-0.003328
-0.003000
-0.003391
-0.003057
-0.003454
-0.003116
-0.003519
-0.003176
-0.003586
-0.003238
-0.003654
-0.003300
-0.003723
-0.003365
-0.003794
-0.003431
-0.003867
-0.003498
-0.003942
-0.003567
-0.004018
-0.003639
-0.004097
-0.003712
-0.004178
-0.003787
-0.004261
-0.003865
-0.004347
-0.003945
-0.004435
-0.004028
-0.004526
-0.004114
-0.004619
-0.004202
-0.004716
-0.004294
-0.004817
-0.004389
-0.004921
-0.004488
-0.005029
-0.004591
-0.005141
-0.004698
-0.005257
-0.004810
-0.005379
-0.004928
-0.005506
-0.005051
-0.005639
-0.005181
-0.005778
-0.005318
-0.005924
-0.005463
-0.006079
-0.005617
-0.006242
-0.005781
-0.006414
-0.005957
-0.006598
-0.006146
-0.006794
-0.006351
-0.007005
-0.006574
-0.007232
-0.006818
-0.007478
-0.007089
-0.007746
-0.007393
-0.008041
-0.007738
-0.008369
-0.008136
-0.008738
-0.008609
-0.009159
-0.009189
-0.009650
-0.009940
-0.010241
-0.011007
-0.010989
-0.012852
-0.012049
-0.019108
-0.014410
-0.007468
-0.012789
-0.009673
-0.015655
-0.018289
-0.014320
-0.003884
-0.017305
-0.014608
-0.025998
-0.016285
-0.021924
-0.016742
-0.005564
0.007453
0.010123
-0.000537
-0.002618
-0.002234
-0.006707
-0.012923
-0.022171
-0.002666
0.007974
0.002377
-0.004252
-0.004106
-0.012308
-0.004881
-0.022675
-0.015701
0.001324
0.002326
-0.007709
-0.000557
-0.008086
-0.004516
-0.014519
-0.001417
0.011119
-0.005203
-0.000457
-0.008693
-0.008073
-0.015021
-0.013203
-0.002912
0.004898
-0.001009
-0.004595
0.001287
0.007103
0.001367
0.001893
0.002743
-0.003261
-0.000147
-0.010561
-0.003149
0.002102
-0.006401
-0.006525
-0.005256
-0.010068
-0.014532
-0.003355
0.004510
-0.001651
-0.008861
-0.004210
-0.002983
-0.010196
-0.009869
-0.016321
-0.006980
-0.020384
-0.008003
-0.019110
-0.031228
-0.007813
0.010481
0.026717
0.012826
0.010494
0.003025
0.003473
0.006238
0.013533
0.010991
0.007055
0.002540
0.003416
-0.000800
0.001645
-0.000461
-0.002214
0.002088
-0.008986
0.001029
-0.004958
-0.004669
-0.003712
-0.004453
0.005629
-0.001750
0.001701
0.000869
0.001558
0.000449
0.000033
-0.003477
-0.000675
-0.005175
-0.000488
-0.008256
-0.006888
0.003663
-0.002371
-0.005939
0.000823
-0.000390
0.001778
-0.003388
-0.005354
-0.008133
-0.015080
0.000925
0.009551
-0.001897
-0.001450
0.003111
-0.005779
-0.001095
-0.000347
-0.002363
-0.008195
0.005552
0.003449
-0.004237
-0.006777
0.000762
-0.002363
-0.004689
-0.010670
0.003777
0.003566
0.000102
-0.000437
-0.000659
-0.006467
-0.004241
0.005857
-0.004295
0.000325
-0.000328
0.004934
-0.000582
-0.001133
-0.005411
-0.008362
-0.002855
0.003973
-0.004815
-0.002469
-0.001987
-0.006840
-0.001997
0.007255
-0.000076
0.000642
-0.005095
-0.004082
-0.005431
-0.007024
-0.000382
-0.006464
-0.007762
-0.018294
-0.017773
0.003332
0.005529
-0.006400
-0.008155
-0.003044
0.003245
-0.004073
0.000850
-0.003595
-0.012670
-0.003366
0.008063
0.008220
-0.002311
0.006217
-0.003757
-0.001582
0.000423
0.003726
-0.004620
-0.003938
-0.010465
-0.008571
-0.005942
-0.003029
-0.010931
0.007852
-0.010994
-0.007382
0.005077
0.010467
-0.000784
-0.001874
0.001376
-0.002008
-0.002485
-0.012972
-0.006443
0.006448
-0.005147
-0.012495
-0.004015
-0.000875
-0.006180
0.001643
0.005124
0.004818
-0.011316
-0.005921
0.011872
0.010448
0.011122
0.009085
0.006440
0.001492
-0.001415
-0.007763
0.007203
0.006802
-0.001151
0.003855
0.005362
-0.009846
0.000875
0.006147
0.003328
-0.003675
0.000571
0.014662
0.001093
0.001836
-0.003036
0.001586
0.006963
0.000127
-0.004947
0.001620
0.001564
-0.008594
0.004556
0.010260
0.002774
-0.003070
-0.003775
0.003033
0.001579
-0.003408
0.004989
-0.000052
-0.003101
0.002450
-0.000067
0.001025
-0.000438
0.002322
-0.003856
-0.008281
0.001079
0.000554
-0.004135
-0.005264
-0.013380
0.001313
0.006915
0.001604
-0.005676
0.004364
0.002015
0.001384
-0.006766
-0.000740
-0.009865
0.003392
-0.005854
-0.008242
0.000056
0.006772
0.001348
-0.009204
-0.002255
0.011510
0.005832
-0.003271
0.002043
0.002633
-0.001689
0.004728
0.012382
0.003447
-0.000688
0.004520
0.001294
0.002448
0.003933
-0.007396
0.004407
0.006825
0.008225
0.005266
0.002288
0.002890
-0.003357
-0.001673
0.002542
0.000208
-0.001464
-0.000390
0.003988
0.004314
-0.004846
0.002017
0.003162
0.000739
-0.007302
0.002033
-0.006375
0.000393
0.005370
-0.005237
0.012594
0.016417
0.003032
0.005719
-0.000873
0.002188
0.002432
-0.001145
-0.005514
-0.004359
0.007758
0.001205
0.000259
-0.001480
0.000969
-0.002841
-0.001542
-0.008551
-0.000796
-0.012333
-0.017985
-0.005567
0.005657
0.001706
0.007947
0.009015
0.009141
0.001424
0.008410
0.008681
0.004119
0.006666
0.002473
-0.002894
-0.006902
-0.004814
-0.004212
0.002085
0.012597
0.001791
-0.000426
0.006004
0.007980
0.005806
-0.000613
-0.002857
-0.012346
-0.008860
-0.000330
0.009862
0.007493
0.003780
0.009186
0.010890
0.000406
0.009441
0.008560
0.001515
0.011523
0.002081
0.003834
0.001822
0.001599
-0.007689
-0.007267
0.005706
-0.001661
0.008773
0.013477
0.004360
-0.000805
-0.005155
0.007891
0.003764
0.000641
0.007028
-0.001324
0.004232
0.002385
-0.000852
0.003402
-0.003266
0.000791
-0.009976
-0.006447
-0.007758
-0.004535
-0.001704
0.015261
0.006043
-0.002945
0.008808
0.006710
-0.006925
-0.003843
-0.001429
0.008909
0.006161
0.009407
0.001785
0.002436
0.001805
0.006863
-0.004559
0.005027
0.007715
0.011594
0.005493
0.000323
0.007583
0.009661
0.015899
0.003251
0.007524
-0.000696
0.008341
0.007512
0.007737
0.003036
0.001455
-0.000470
0.008227
-0.001884
0.004156
0.006339
0.004795
-0.007159
-0.006217
0.008249
0.005129
-0.004767
0.004749
0.008791
0.007754
0.003555
0.014628
0.015929
-0.001809
0.003483
0.014760
0.008803
0.012002
0.010671
0.003467
0.013837
0.001734
0.007828
0.005057
0.002541
-0.000510
0.005522
0.001759
0.001050
0.019050
0.014408
0.011969
0.011544
0.007909
0.008403
0.005079
0.001012
0.010598
0.014146
0.014498
0.006700
0.006431
-0.003724
0.010951
0.020440
0.019070
0.010260
0.012303
0.017698
0.015199
0.012445
0.012025
0.010748
0.010769
0.009744
0.009942
0.009033
0.009317
0.008483
0.008812
0.008036
0.008389
0.007658
0.008023
0.007332
0.007701
0.007044
0.007414
0.006787
0.007154
0.006554
0.006918
0.006342
0.006700
0.006146
0.006498
0.005965
0.006311
0.005797
0.006135
0.005639
0.005970
0.005491
0.005815
0.005351
0.005668
0.005218
0.005529
0.005093
0.005396
0.004973
0.005269
0.004859
0.005148
0.004749
0.005033
0.004645
0.004921
0.004544
0.004814
0.004447
0.004711
0.004354
0.004612
0.004264
0.004516
0.004177
0.004424
0.004093
0.004334
0.004012
0.004247
0.003933
0.004163
0.003856
0.004081
0.003782
0.004001
0.003709
0.003923
0.003639
0.003848
0.003570
0.003774
0.003503
0.003702
0.003437
0.003632
0.003374
0.003564
0.003311
0.003497
0.003250
0.003432
0.003191
0.003368
0.003132
0.003305
0.003075
0.003243
0.003019
0.003183
0.002964
0.003124
0.002910
0.003066
0.002857
0.003009
0.002805
0.002953
0.002754
0.002898
0.002703
0.002844
0.002654
0.002791
0.002605
0.002739
0.002557
0.002687
0.002510
0.002636
0.002464
0.002586
0.002418
0.002537
0.002373
0.002489
0.002328
0.002441
0.002285
0.002393
0.002241
0.002347
0.002198
0.002301
0.002156
0.002255
0.002115
0.002210
0.002073
0.002166
0.002033
0.002122
0.001993
0.002079
0.001953
0.002036
0.001913
0.001993
0.001875
0.001951
0.001836
0.001910
0.001798
0.001869
0.001760
0.001828
0.001723
0.001788
0.001686
0.001748
0.001649
0.001708
0.001613
0.001669
0.001577
0.001630
0.001541
0.001591
0.001506
0.001553
0.001470
0.001515
0.001436
0.001477
0.001401
0.001440
0.001367
0.001403
0.001332
0.001366
0.001299
0.001329
0.001265
0.001293
0.001232
0.001257
0.001198
0.001221
0.001165
0.001185
0.001133
0.001149
0.001100
0.001114
0.001068
0.001079
0.001035
0.001044
0.001003
0.001009
0.000972
0.000975
0.000940
0.000940
0.000908
0.000906
0.000877
0.000872
0.000846
0.000838
0.000814
0.000804
0.000783
0.000771
0.000753
0.000737
0.000722
0.000704
0.000691
0.000670
0.000661
0.000637
0.000630
0.000604
0.000600
0.000571
0.000570
0.000538
0.000539
0.000506
0.000509
0.000473
0.000479
0.000440
0.000449
0.000408
0.000419
0.000375
0.000390
0.000343
0.000360
0.000310
0.000330
0.000278
0.000300
0.000246
0.000271
0.000213
0.000241
0.000181
0.000212
0.000149
0.000182
0.000117
0.000153
0.000084
0.000123
0.000052
0.000094
0.000020
0.000064
-0.000012
0.000035
