0.000000
0.000000
0.000000
0.000000
0.000000
0.000000
0.000000
0.000000
0.000000
0.000000
0.000000
0.000000
0.000000
0.000000
0.000000
0.000000
0.000000
0.000000
0.000000
0.000000
0.000000
0.000000
0.000000
0.000000
0.000000
0.000000
0.000000
0.000000
0.000000
0.000000
0.000000
0.000000
0.000000
0.000000
0.000000
0.000000
0.000000
0.000000
0.000000
0.000000
0.000000
0.000000
0.000000
0.000000
0.000000
0.000000
0.000000
0.000000
0.000000
0.000000
0.000000
0.000000
0.000000
0.000000
0.000000
0.000000
0.000000
0.000000
0.000000
0.000000
0.000000
0.000000
0.000000
0.000000
0.000000
0.000000
0.000000
0.000000
0.000000
0.000000
0.000000
0.000000
0.000000
0.000000
0.000000
0.000000
0.000000
0.000000
0.000000
0.000000
0.000000
0.000000
0.000000
0.000000
0.000000
0.000000
0.000000
0.000000
0.000000
0.000000
0.000000
0.000000
0.000000
0.000000
0.000000
0.000000
0.000000
0.000000
0.000000
0.000000
0.000000
0.000000
0.000000
0.000000
0.000000
0.000000
0.000000
0.000000
0.000000
0.000000
0.000000
0.000000
0.000000
0.000000
0.000000
0.000000
0.000000
0.000000
0.000000
0.000000
0.000000
0.000000
0.000000
0.000000
0.000000
0.000000
0.000000
0.000000
0.000000
0.000000
0.000000
0.000000
0.000000
0.000000
0.000000
0.000000
0.000000
0.000000
0.000000
0.000000
0.000000
0.000000
0.000000
0.000000
0.000000
0.000000
0.000000
0.000000
0.000000
0.000000
0.000000
0.000000
0.000000
0.000000
0.000000
0.000000
0.000000
0.000000
0.000000
0.000000
0.000000
0.000000
0.000000
0.000000
0.000000
0.000000
0.000000
0.000000
0.000000
0.000000
0.000000
0.000000
0.000000
0.000000
0.000000
0.000000
0.000000
0.000000
0.000000
0.000000
0.000000
0.000000
0.000000
0.000000
0.000000
0.000000
0.000000
0.000000
0.000000
0.000000
0.000000
0.000000
0.000000
0.000000
0.000000
0.000000
0.000000
0.000000
0.000000
0.000000
0.000000
0.000000
0.000000
0.000000
0.000000
0.000000
0.000000
0.000000
0.000000
0.000000
0.000000
0.000000
0.000000
0.000000
0.000000
0.000000
0.000000
0.000000
0.000000
0.000000
0.000000
0.000000
0.000000
0.000000
0.000000
0.000000
0.000000
0.000000
0.000000
0.000000
0.000000
0.000000
0.000000
0.000000
0.000000
0.000000
0.000000
0.000000
0.000000
0.000000
0.000000
0.000000
0.000000
0.000000
0.000000
0.000000
0.000000
0.000000
0.000000
0.000000
0.000000
0.000000
0.000000
0.000000
0.000000
0.000000
1.495962
0.374005
0.561008
0.187003
0.187003
0.561008
1.869967
0.374005
0.187003
0.374005
0.935013
2.056969
1.682964
3.552931
3.552931
3.178926
0.935013
0.374005
0.748010
0.374005
0.187003
0.000000
1.869967
3.365929
1.495962
0.187003
0.374005
0.000000
0.561008
0.374005
0.187003
3.178926
2.430975
0.935013
0.935013
1.308959
0.561008
1.308959
0.935013
3.552931
0.374005
0.561008
0.374005
0.374005
0.561008
0.935013
2.243972
2.804980
1.682964
0.935013
1.495962
2.056969
1.121957
0.561008
0.935013
0.187003
0.374005
0.187003
0.187003
1.682964
0.187003
0.187003
0.561008
0.561008
0.187003
1.495962
2.243972
1.121957
0.000000
0.561008
1.121957
0.187003
0.374005
0.374005
1.121957
1.121957
0.935013
2.430975
0.187003
4.113939
5.422898
5.609901
2.617977
1.121957
0.935013
0.935013
1.495962
1.869967
1.308959
0.374005
0.000000
0.187003
0.187003
0.187003
0.561008
0.000000
0.748010
0.000000
0.374005
1.121957
0.000000
1.308959
0.561008
1.869967
0.935013
0.748010
0.935013
0.748010
0.561008
0.561008
0.187003
0.561008
0.374005
0.561008
0.561008
0.187003
1.682964
1.121957
0.187003
1.121957
1.121957
0.748010
0.561008
0.000000
0.561008
0.187003
1.682964
2.804980
0.935013
0.187003
1.308959
0.374005
0.561008
1.121957
0.748010
0.374005
1.308959
1.682964
0.000000
0.187003
0.935013
1.121957
0.374005
0.561008
1.308959
2.243972
0.374005
0.935013
0.374005
0.748010
0.187003
2.056969
0.561008
0.748010
0.935013
1.121957
0.561008
0.187003
0.187003
0.187003
0.748010
1.682964
0.561008
0.374005
0.935013
0.561008
0.748010
1.869967
0.748010
0.187003
0.187003
0.000000
0.561008
0.187003
0.935013
0.561008
0.000000
0.187003
0.187003
2.804980
2.804980
0.748010
0.374005
1.495962
1.869967
1.308959
0.748010
1.495962
0.000000
1.682964
2.430975
2.430975
0.187003
1.121957
0.561008
0.374005
0.935013
1.121957
0.187003
0.187003
0.187003
0.561008
1.121957
1.682964
0.748010
2.056969
1.495962
0.187003
2.804980
2.243972
1.121957
0.000000
1.308959
0.561008
0.748010
0.187003
0.748010
2.430975
1.308959
0.000000
1.495962
2.243972
1.495962
1.869967
2.430975
1.682964
0.748010
0.748010
3.552931
2.617977
1.682964
1.121957
0.748010
0.187003
0.374005
0.187003
1.495962
2.056969
0.374005
0.748010
1.308959
0.000000
0.561008
2.243972
0.935013
0.748010
0.561008
2.430975
0.748010
0.000000
0.561008
0.561008
1.495962
0.561008
0.000000
0.748010
1.308959
0.187003
1.121957
2.243972
0.561008
0.000000
0.187003
1.121957
1.121957
0.374005
0.935013
1.121957
0.000000
1.121957
0.748010
0.748010
0.561008
0.748010
0.374005
0.000000
0.935013
1.495962
0.187003
0.748010
0.187003
1.682964
2.430975
1.308959
0.187003
1.308959
1.308959
0.748010
0.187003
0.748010
0.748010
1.121957
1.682964
0.187003
2.056969
2.056969
1.682964
0.187003
1.308959
2.617977
2.056969
0.187003
1.121957
1.495962
1.121957
1.308959
2.243972
0.935013
0.187003
0.935013
1.121957
0.561008
1.308959
0.187003
1.121957
2.056969
1.121957
0.935013
0.187003
0.561008
0.187003
0.374005
1.121957
0.935013
0.561008
0.935013
1.121957
1.308959
0.187003
0.748010
1.308959
0.748010
0.187003
0.935013
1.308959
0.748010
2.430975
0.748010
1.869967
2.617977
0.187003
0.000000
0.374005
0.000000
0.935013
0.000000
0.374005
0.187003
1.869967
0.935013
0.374005
0.374005
0.748010
0.374005
0.561008
0.187003
0.748010
0.748010
0.000000
2.056969
3.365929
2.430975
2.056969
2.243972
1.495962
0.935013
0.935013
1.682964
0.374005
0.748010
0.374005
0.000000
0.000000
0.748010
1.308959
1.682964
2.430975
1.308959
0.187003
1.495962
1.308959
0.935013
0.000000
0.187003
0.000000
0.748010
2.243972
2.804980
2.243972
1.121957
1.495962
1.682964
0.561008
0.748010
1.682964
0.000000
1.121957
0.561008
0.000000
0.561008
0.187003
0.187003
0.000000
2.056969
1.495962
1.308959
2.243972
0.374005
0.000000
0.000000
1.308959
1.495962
0.187003
1.121957
0.561008
0.374005
1.121957
0.000000
0.935013
0.187003
0.561008
0.187003
0.374005
1.308959
1.495962
2.056969
2.804980
2.243972
0.000000
1.495962
1.682964
0.000000
0.561008
1.682964
2.243972
2.056969
1.308959
1.121957
0.561008
1.308959
1.308959
1.121957
0.935013
2.617977
1.308959
1.682964
0.000000
1.869967
1.308959
2.056969
0.187003
0.561008
0.374005
0.935013
1.308959
0.748010
0.374005
0.374005
0.374005
1.308959
0.748010
0.561008
1.495962
0.748010
0.187003
0.187003
2.243972
2.056969
0.561008
1.495962
2.430975
1.682964
1.308959
1.682964
2.243972
0.000000
0.374005
2.243972
1.495962
0.748010
1.308959
0.000000
1.121957
0.561008
0.187003
1.121957
0.187003
0.748010
0.935013
1.682964
0.748010
2.804980
2.056969
0.748010
0.748010
0.561008
0.374005
0.748010
0.187003
1.495962
1.682964
1.308959
0.187003
0.374005
0.187003
1.308959
2.804980
1.495962
0.374005
0.187003
1.121957
0.561008
0.000000
0.000000
0.000000
0.000000
0.000000
0.000000
0.000000
0.000000
0.000000
0.000000
0.000000
0.000000
0.000000
0.000000
0.000000
0.000000
0.000000
0.000000
0.000000
0.000000
0.000000
0.000000
0.000000
0.000000
0.000000
0.000000
0.000000
0.000000
0.000000
0.000000
0.000000
0.000000
0.000000
0.000000
0.000000
0.000000
0.000000
0.000000
0.000000
0.000000
0.000000
0.000000
0.000000
0.000000
0.000000
0.000000
0.000000
0.000000
0.000000
0.000000
0.000000
0.000000
0.000000
0.000000
0.000000
0.000000
0.000000
0.000000
0.000000
0.000000
0.000000
0.000000
0.000000
0.000000
0.000000
0.000000
0.000000
0.000000
0.000000
0.000000
0.000000
0.000000
0.000000
0.000000
0.000000
0.000000
0.000000
0.000000
0.000000
0.000000
0.000000
0.000000
0.000000
0.000000
0.000000
0.000000
0.000000
0.000000
0.000000
0.000000
0.000000
0.000000
0.000000
0.000000
0.000000
0.000000
0.000000
0.000000
0.000000
0.000000
0.000000
0.000000
0.000000
0.000000
0.000000
0.000000
0.000000
0.000000
0.000000
0.000000
0.000000
0.000000
0.000000
0.000000
0.000000
0.000000
0.000000
0.000000
0.000000
0.000000
0.000000
0.000000
0.000000
0.000000
0.000000
0.000000
0.000000
0.000000
0.000000
0.000000
0.000000
0.000000
0.000000
0.000000
0.000000
0.000000
0.000000
0.000000
0.000000
0.000000
0.000000
0.000000
0.000000
0.000000
0.000000
0.000000
0.000000
0.000000
0.000000
0.000000
0.000000
0.000000
0.000000
0.000000
0.000000
0.000000
0.000000
0.000000
0.000000
0.000000
0.000000
0.000000
0.000000
0.000000
0.000000
0.000000
0.000000
0.000000
0.000000
0.000000
0.000000
0.000000
0.000000
0.000000
0.000000
0.000000
0.000000
0.000000
0.000000
0.000000
0.000000
0.000000
0.000000
0.000000
0.000000
0.000000
0.000000
0.000000
0.000000
0.000000
0.000000
0.000000
0.000000
0.000000
0.000000
0.000000
0.000000
0.000000
0.000000
0.000000
0.000000
0.000000
0.000000
0.000000
0.000000
0.000000
0.000000
0.000000
0.000000
0.000000
0.000000
0.000000
0.000000
0.000000
0.000000
0.000000
0.000000
0.000000
0.000000
0.000000
0.000000
0.000000
0.000000
0.000000
0.000000
0.000000
0.000000
0.000000
0.000000
0.000000
0.000000
0.000000
0.000000
0.000000
0.000000
0.000000
0.000000
0.000000
0.000000
0.000000
0.000000
0.000000
0.000000
0.000000
0.000000
0.000000
0.000000
0.000000
0.000000
0.000000
0.000000
0.000000
0.000000
0.000000
0.000000
0.000000
