-5.783203125000000000000
0.703552246093750000000
-9.995117187500000000000
-3.154357910156250000000
-14.208374023437500000000
-7.014404296875000000000
-18.425109863281250000000
-10.875732421875000000000
-22.643432617187500000000
-14.739868164062500000000
-26.865905761718750000000
-18.606201171875000000000
-31.091979980468750000000
-22.476501464843750000000
-35.323120117187500000000
-26.350524902343750000000
-39.559082031250000000000
-30.229187011718750000000
-43.801452636718750000000
-34.112731933593750000000
-48.049865722656250000000
-38.002380371093750000000
-52.306518554687500000000
-41.898193359375000000000
-56.570190429687500000000
-45.801208496093750000000
-60.843200683593750000000
-49.711730957031250000000
-65.125366210937500000000
-53.630310058593750000000
-69.417663574218750000000
-57.558227539062500000000
-73.720642089843750000000
-61.495300292968750000000
-78.035217285156250000000
-65.442687988281250000000
-82.362121582031250000000
-69.401000976562500000000
-86.701904296875000000000
-73.370727539062500000000
-91.055175781250000000000
-77.352783203125000000000
-95.423156738281250000000
-81.347717285156250000000
-99.806396484375000000000
-85.356201171875000000000
-104.205505371093750000000
-89.379150390625000000000
-108.621459960937500000000
-93.417175292968750000000
-113.055114746093750000000
-97.470886230468750000000
-117.507019042968750000000
-101.541442871093750000000
-121.978820800781250000000
-105.628906250000000000000
-126.470092773437500000000
-109.734375000000000000000
-130.982604980468750000000
-113.859252929687500000000
-135.516906738281250000000
-118.003723144531250000000
-140.074096679687500000000
-122.168640136718750000000
-144.655090332031250000000
-126.354858398437500000000
-149.260559082031250000000
-130.563537597656250000000
-153.891662597656250000000
-134.795532226562500000000
-158.549804687500000000000
-139.051330566406250000000
-163.235107421875000000000
-143.332580566406250000000
-167.949462890625000000000
-147.639526367187500000000
-172.693542480468750000000
-151.973693847656250000000
-177.468811035156250000000
-156.335937500000000000000
-182.276000976562500000000
-160.727355957031250000000
-187.116394042968750000000
-165.148742675781250000000
-191.991088867187500000000
-169.601623535156250000000
-196.901672363281250000000
-174.086669921875000000000
-201.848876953125000000000
-178.605773925781250000000
-206.834777832031250000000
-183.159423828125000000000
-211.860046386718750000000
-187.749511718750000000000
-216.926269531250000000000
-192.376525878906250000000
-222.035034179687500000000
-197.042541503906250000000
-227.187500000000000000000
-201.748962402343750000000
-232.385864257812500000000
-206.496643066406250000000
-237.631347656250000000000
-211.287780761718750000000
-242.925231933593750000000
-216.123229980468750000000
-248.269775390625000000000
-221.005126953125000000000
-253.666564941406250000000
-225.934997558593750000000
-259.117431640625000000000
-230.914367675781250000000
-264.624450683593750000000
-235.945495605468750000000
-270.189270019531250000000
-241.029785156250000000000
-275.814392089843750000000
-246.169799804687500000000
-281.501708984375000000000
-251.366577148437500000000
-287.253173828125000000000
-256.622985839843750000000
-293.071960449218750000000
-261.941345214843750000000
-298.959655761718750000000
-267.323425292968750000000
-304.919311523437500000000
-272.772216796875000000000
-310.953430175781250000000
-278.289978027343750000000
-317.064880371093750000000
-283.879028320312500000000
-323.256164550781250000000
-289.542541503906250000000
-329.530944824218750000000
-295.283569335937500000000
-335.892028808593750000000
-301.104858398437500000000
-342.342834472656250000000
-307.009826660156250000000
-348.886657714843750000000
-313.001647949218750000000
-355.527465820312500000000
-319.084106445312500000000
-362.269470214843750000000
-325.260681152343750000000
-369.115966796875000000000
-331.535705566406250000000
-376.071533203125000000000
-337.913085937500000000000
-383.141052246093750000000
-344.397338867187500000000
-390.328735351562500000000
-350.992858886718750000000
-397.640075683593750000000
-357.704833984375000000000
-405.080078125000000000000
-364.538818359375000000000
-412.655029296875000000000
-371.500488281250000000000
-420.369873046875000000000
-378.594421386718750000000
-428.231811523437500000000
-385.828613281250000000000
-436.247314453125000000000
-393.208984375000000000000
-444.423767089843750000000
-400.742858886718750000000
-452.768249511718750000000
-408.437988281250000000000
-461.289855957031250000000
-416.302673339843750000000
-469.996337890625000000000
-424.345642089843750000000
-478.897705078125000000000
-432.576293945312500000000
-488.004028320312500000000
-441.005737304687500000000
-497.325744628906250000000
-449.643676757812500000000
-506.874328613281250000000
-458.503112792968750000000
-516.662841796875000000000
-467.596862792968750000000
-526.703735351562500000000
-476.938537597656250000000
-537.012207031250000000000
-486.543701171875000000000
-547.604003906250000000000
-496.429260253906250000000
-558.496459960937500000000
-506.613037109375000000000
-569.707519531250000000000
-517.115295410156250000000
-581.257934570312500000000
-527.958129882812500000000
-593.169921875000000000000
-539.165588378906250000000
-605.467590332031250000000
-550.764587402343750000000
-618.178100585937500000000
-562.784729003906250000000
-631.330932617187500000000
-575.259460449218750000000
-644.958923339843750000000
-588.226013183593750000000
-659.098022460937500000000
-601.725646972656250000000
-673.789123535156250000000
-615.805908203125000000000
-689.077575683593750000000
-630.519897460937500000000
-705.014038085937500000000
-645.928649902343750000000
-721.656250000000000000000
-662.102172851562500000000
-739.069946289062500000000
-679.120849609375000000000
-757.329467773437500000000
-697.078308105468750000000
-776.520507812500000000000
-716.084594726562500000000
-796.741760253906250000000
-736.269592285156250000000
-818.108459472656250000000
-757.788269042968750000000
-840.755676269531250000000
-780.827514648437500000000
-864.843933105468750000000
-805.615966796875000000000
-890.563537597656250000000
-832.436950683593750000000
-918.146545410156250000000
-861.646728515625000000000
-947.876037597656250000000
-893.704406738281250000000
-980.104919433593750000000
-929.213684082031250000000
-1015.279296875000000000000
-968.990356445312500000000
-1053.977539062500000000000
-1014.178344726562500000000
-1096.967529296875000000000
-1066.454101562500000000000
-1145.304687500000000000000
-1128.422119140625000000000
-1200.504272460937500000000
-1204.470703125000000000000
-1264.881347656250000000000
-1302.912963867187500000000
-1342.315185546875000000000
-1442.705444335937500000000
-1440.393554687500000000000
-1684.493408203125000000000
-1579.286132812500000000000
-2504.577148437500000000000
-1888.731079101562500000000
-978.810974121093750000000
-1676.310302734375000000000
-1267.899169921875000000000
-2051.961914062500000000000
-2397.128173828125000000000
-1876.962890625000000000000
-509.052185058593750000000
-2268.247070312500000000000
-1914.764648437500000000000
-3407.557617187500000000000
-2134.507812500000000000000
-2873.568359375000000000000
-2194.448242187500000000000
-729.289062500000000000000
976.900512695312500000000
1326.784667968750000000000
-70.399902343750000000000
-343.154418945312500000000
-292.840087890625000000000
-879.036132812500000000000
-1693.872314453125000000000
-2906.011474609375000000000
-349.412841796875000000000
1045.229003906250000000000
311.581542968750000000000
-557.305969238281250000000
-538.229492187500000000000
-1613.193969726562500000000
-639.789855957031250000000
-2972.008789062500000000000
-2057.932617187500000000000
173.600769042968750000000
304.920349121093750000000
-1010.452758789062500000000
-72.993225097656250000000
-1059.796630859375000000000
-591.924560546875000000000
-1903.058349609375000000000
-185.783325195312500000000
1457.417480468750000000000
-681.961120605468750000000
-59.881408691406250000000
-1139.370117187500000000000
-1058.180053710937500000000
-1968.773681640625000000000
-1730.512695312500000000000
-381.722045898437500000000
642.024841308593750000000
-132.258544921875000000000
-602.251220703125000000000
168.680541992187500000000
931.017944335937500000000
179.115966796875000000000
248.179687500000000000000
359.532958984375000000000
-427.365539550781250000000
-19.253173828125000000000
-1384.221923828125000000000
-412.721740722656250000000
275.548461914062500000000
-838.956726074218750000000
-855.189453125000000000000
-688.959533691406250000000
-1319.594970703125000000000
-1904.686035156250000000000
-439.684143066406250000000
591.149414062500000000000
-216.401000976562500000000
-1161.460693359375000000000
-551.814392089843750000000
-391.006591796875000000000
-1336.379638671875000000000
-1293.591186523437500000000
-2139.243164062500000000000
-914.938293457031250000000
-2671.718750000000000000000
-1048.979248046875000000000
-2504.798828125000000000000
-4093.136230468750000000000
-1024.012817382812500000000
1373.730224609375000000000
3501.792480468750000000000
1681.158203125000000000000
1375.474365234375000000000
396.453308105468750000000
455.276062011718750000000
817.568237304687500000000
1773.803955078125000000000
1440.675781250000000000000
924.722229003906250000000
332.884277343750000000000
447.717407226562500000000
-104.872558593750000000000
215.678283691406250000000
-60.394042968750000000000
-290.141357421875000000000
273.680603027343750000000
-1177.811767578125000000000
134.847045898437500000000
-649.829467773437500000000
-611.965820312500000000000
-486.483886718750000000000
-583.607849121093750000000
737.858154296875000000000
-229.356384277343750000000
222.963806152343750000000
113.934692382812500000000
204.229797363281250000000
58.801025390625000000000
4.308288574218750000000
-455.769714355468750000000
-88.528442382812500000000
-678.236877441406250000000
-63.909851074218750000000
-1082.187988281250000000000
-902.855224609375000000000
480.164428710937500000000
-310.773071289062500000000
-778.462524414062500000000
107.918212890625000000000
-51.174804687500000000000
233.037536621093750000000
-444.088623046875000000000
-701.715454101562500000000
-1066.008300781250000000000
-1976.624267578125000000000
121.255615234375000000000
1251.828369140625000000000
-248.618530273437500000000
-190.066284179687500000000
407.775085449218750000000
-757.436767578125000000000
-143.518554687500000000000
-45.454956054687500000000
-309.753295898437500000000
-1074.186401367187500000000
727.660461425781250000000
452.059692382812500000000
-555.394714355468750000000
-888.233459472656250000000
99.931030273437500000000
-309.778564453125000000000
-614.551879882812500000000
-1398.598999023437500000000
495.066650390625000000000
467.364685058593750000000
13.313903808593750000000
-57.264770507812500000000
-86.361206054687500000000
-847.699523925781250000000
-555.838928222656250000000
767.720520019531250000000
-562.988952636718750000000
42.634094238281250000000
-43.020690917968750000000
646.657409667968750000000
-76.225341796875000000000
-148.558715820312500000000
-709.285766601562500000000
-1096.037841796875000000000
-374.220764160156250000000
520.713439941406250000000
-631.083312988281250000000
-323.611938476562500000000
-260.412048339843750000000
-896.471679687500000000000
-261.700317382812500000000
950.969970703125000000000
-9.927307128906250000000
84.164184570312500000000
-667.855651855468750000000
-534.971374511718750000000
-711.881774902343750000000
-920.666687011718750000000
-50.089843750000000000000
-847.233642578125000000000
-1017.362121582031250000000
-2397.810791015625000000000
-2329.582031250000000000000
436.723693847656250000000
724.641540527343750000000
-838.874816894531250000000
-1068.894287109375000000000
-399.023132324218750000000
425.276367187500000000000
-533.895263671875000000000
111.360595703125000000000
-471.252685546875000000000
-1660.618164062500000000000
-441.185852050781250000000
1056.859130859375000000000
1077.368164062500000000000
-302.886779785156250000000
814.913879394531250000000
-492.489990234375000000000
-207.315612792968750000000
55.496948242187500000000
488.373779296875000000000
-605.521850585937500000000
-516.176513671875000000000
-1371.716430664062500000000
-1123.414672851562500000000
-778.826171875000000000000
-397.051696777343750000000
-1432.802246093750000000000
1029.144775390625000000000
-1441.029785156250000000000
-967.529296875000000000000
665.463012695312500000000
1371.994384765625000000000
-102.718078613281250000000
-245.586242675781250000000
180.365478515625000000000
-263.217773437500000000000
-325.751586914062500000000
-1700.254882812500000000000
-844.516052246093750000000
845.140625000000000000000
-674.597473144531250000000
-1637.745971679687500000000
-526.291015625000000000000
-114.711914062500000000000
-810.039855957031250000000
215.353637695312500000000
671.557617187500000000000
631.440124511718750000000
-1483.175537109375000000000
-776.045532226562500000000
1556.105834960937500000000
1369.374755859375000000000
1457.758666992187500000000
1190.783447265625000000000
844.130371093750000000000
195.591491699218750000000
-185.448547363281250000000
-1017.550354003906250000000
944.064392089843750000000
891.609619140625000000000
-150.860656738281250000000
505.231323242187500000000
702.751831054687500000000
-1290.477539062500000000000
114.675170898437500000000
805.733154296875000000000
436.161987304687500000000
-481.640136718750000000000
74.834411621093750000000
1921.751831054687500000000
143.250183105468750000000
240.651611328125000000000
-397.956481933593750000000
207.924865722656250000000
912.694458007812500000000
16.600341796875000000000
-648.439025878906250000000
212.299743652343750000000
204.997863769531250000000
-1126.497314453125000000000
597.178039550781250000000
1344.849731445312500000000
363.587463378906250000000
-402.429382324218750000000
-494.795532226562500000000
397.571655273437500000000
207.010681152343750000000
-446.659667968750000000000
653.935852050781250000000
-6.851257324218750000000
-406.400085449218750000000
321.184753417968750000000
-8.736083984375000000000
134.374328613281250000000
-57.444702148437500000000
304.326354980468750000000
-505.382263183593750000000
-1085.454467773437500000000
141.427429199218750000000
72.559204101562500000000
-541.951782226562500000000
-689.955261230468750000000
-1753.723388671875000000000
172.128723144531250000000
906.352783203125000000000
210.207641601562500000000
-743.906005859375000000000
571.938598632812500000000
264.128723144531250000000
181.344970703125000000000
-886.878845214843750000000
-96.961242675781250000000
-1293.006591796875000000000
444.565429687500000000000
-767.235656738281250000000
-1080.249755859375000000000
7.395202636718750000000
887.671203613281250000000
176.701599121093750000000
-1206.443603515625000000000
-295.579101562500000000000
1508.678100585937500000000
764.470703125000000000000
-428.794494628906250000000
267.759826660156250000000
345.114868164062500000000
-221.395446777343750000000
619.666564941406250000000
1622.941162109375000000000
451.748840332031250000000
-90.123291015625000000000
592.414855957031250000000
169.604248046875000000000
320.853210449218750000000
515.514282226562500000000
-969.403930664062500000000
577.620300292968750000000
894.541687011718750000000
1078.076660156250000000000
690.281616210937500000000
299.848449707031250000000
378.736328125000000000000
-440.008056640625000000000
-219.248718261718750000000
333.225402832031250000000
27.238830566406250000000
-191.870666503906250000000
-51.084960937500000000000
522.776916503906250000000
565.470092773437500000000
-635.167175292968750000000
264.412536621093750000000
414.435668945312500000000
96.888977050781250000000
-957.050048828125000000000
266.499694824218750000000
-835.581726074218750000000
51.467529296875000000000
703.891601562500000000000
-686.421630859375000000000
1650.749267578125000000000
2151.864746093750000000000
397.358398437500000000000
749.624267578125000000000
-114.458374023437500000000
286.798400878906250000000
318.742248535156250000000
-150.110168457031250000000
-722.674560546875000000000
-571.356628417968750000000
1016.873779296875000000000
157.988647460937500000000
33.898803710937500000000
-193.941650390625000000000
127.013793945312500000000
-372.414123535156250000000
-202.054199218750000000000
-1120.788696289062500000000
-104.328247070312500000000
-1616.550048828125000000000
-2357.334960937500000000000
-729.613586425781250000000
741.523193359375000000000
223.649902343750000000000
1041.624511718750000000000
1181.576416015625000000000
1198.145507812500000000000
186.668823242187500000000
1102.270263671875000000000
1137.886718750000000000000
539.860229492187500000000
873.661865234375000000000
324.141540527343750000000
-379.272827148437500000000
-904.685668945312500000000
-631.038696289062500000000
-552.139160156250000000000
273.272094726562500000000
1651.080688476562500000000
234.690063476562500000000
-55.899414062500000000000
786.966369628906250000000
1045.983032226562500000000
761.067199707031250000000
-80.364013671875000000000
-374.447875976562500000000
-1618.232666015625000000000
-1161.362670898437500000000
-43.212768554687500000000
1292.613769531250000000000
982.112609863281250000000
495.418579101562500000000
1204.000000000000000000000
1427.408935546875000000000
53.177734375000000000000
1237.510498046875000000000
1121.949707031250000000000
198.543212890625000000000
1510.328857421875000000000
272.738525390625000000000
502.556152343750000000000
238.760620117187500000000
209.609313964843750000000
-1007.871459960937500000000
-952.447326660156250000000
747.889770507812500000000
-217.717651367187500000000
1149.941162109375000000000
1766.442871093750000000000
571.411560058593750000000
-105.575134277343750000000
-675.709777832031250000000
1034.224609375000000000000
493.372924804687500000000
83.972106933593750000000
921.148437500000000000000
-173.495422363281250000000
554.653137207031250000000
312.629394531250000000000
-111.738647460937500000000
445.861999511718750000000
-428.103393554687500000000
103.697082519531250000000
-1307.598876953125000000000
-845.026855468750000000000
-1016.867919921875000000000
-594.382690429687500000000
-223.378540039062500000000
2000.240234375000000000000
792.128051757812500000000
-386.044799804687500000000
1154.482177734375000000000
879.523254394531250000000
-907.651855468750000000000
-503.728149414062500000000
-187.271423339843750000000
1167.774780273437500000000
807.572814941406250000000
1233.013549804687500000000
233.906677246093750000000
319.339721679687500000000
236.643371582031250000000
899.608093261718750000000
-597.532714843750000000000
658.870422363281250000000
1011.176208496093750000000
1519.673461914062500000000
719.948730468750000000000
42.379455566406250000000
993.964477539062500000000
1266.236694335937500000000
2083.866943359375000000000
426.135803222656250000000
986.221313476562500000000
-91.286804199218750000000
1093.285278320312500000000
984.553588867187500000000
1014.100402832031250000000
397.960571289062500000000
190.729003906250000000000
-61.665954589843750000000
1078.300048828125000000000
-246.926696777343750000000
544.704223632812500000000
830.811218261718750000000
628.530700683593750000000
-938.309020996093750000000
-814.915039062500000000000
1081.270385742187500000000
672.208374023437500000000
-624.839599609375000000000
622.452941894531250000000
1152.269775390625000000000
1016.394226074218750000000
465.988159179687500000000
1917.335693359375000000000
2087.901367187500000000000
-237.108093261718750000000
456.494079589843750000000
1934.606445312500000000000
1153.787963867187500000000
1573.073120117187500000000
1398.687011718750000000000
454.457275390625000000000
1813.645263671875000000000
227.213684082031250000000
1026.024902343750000000000
662.882629394531250000000
333.019958496093750000000
-66.871704101562500000000
723.816162109375000000000
230.541198730468750000000
137.677368164062500000000
2496.937255859375000000000
1888.548706054687500000000
1568.767333984375000000000
1513.042724609375000000000
1036.613037109375000000000
1101.338134765625000000000
665.754638671875000000000
132.683776855468750000000
1389.160766601562500000000
1854.139770507812500000000
1900.260620117187500000000
878.133178710937500000000
842.881835937500000000000
-488.122070312500000000000
1435.345703125000000000000
2679.136962890625000000000
2499.479980468750000000000
1344.846923828125000000000
1612.569580078125000000000
2319.724853515625000000000
1992.212890625000000000000
1631.134033203125000000000
1576.199951171875000000000
1408.762817382812500000000
1411.476074218750000000000
1277.129638671875000000000
1303.063964843750000000000
1183.942138671875000000000
1221.172119140625000000000
1111.917236328125000000000
1155.066284179687500000000
1053.247802734375000000000
1099.532348632812500000000
1003.757446289062500000000
1051.609130859375000000000
960.956481933593750000000
1009.438415527343750000000
923.243835449218750000000
971.776184082031250000000
889.530456542968750000000
937.744628906250000000000
859.042663574218750000000
906.700561523437500000000
831.210754394531250000000
878.158813476562500000000
805.603759765625000000000
851.743652343750000000000
781.888244628906250000000
827.158264160156250000000
759.799499511718750000000
804.163635253906250000000
739.125244140625000000000
782.564575195312500000000
719.691955566406250000000
762.199707031250000000000
701.356506347656250000000
742.934204101562500000000
683.997863769531250000000
724.653869628906250000000
667.515991210937500000000
707.260864257812500000000
651.823608398437500000000
690.671875000000000000000
636.846374511718750000000
674.813964843750000000000
622.520141601562500000000
659.624267578125000000000
608.788696289062500000000
645.047058105468750000000
595.602844238281250000000
631.033081054687500000000
582.918945312500000000000
617.539672851562500000000
570.698547363281250000000
604.527221679687500000000
558.907653808593750000000
591.961669921875000000000
547.514953613281250000000
579.811706542968750000000
536.493347167968750000000
568.049621582031250000000
525.818054199218750000000
556.649536132812500000000
515.466308593750000000000
545.589050292968750000000
505.417846679687500000000
534.846862792968750000000
495.653930664062500000000
524.403564453125000000000
486.157653808593750000000
514.242126464843750000000
476.913452148437500000000
504.345947265625000000000
467.907165527343750000000
494.700683593750000000000
459.125244140625000000000
485.292541503906250000000
450.555969238281250000000
476.109191894531250000000
442.188354492187500000000
467.138549804687500000000
434.011230468750000000000
458.369506835937500000000
426.015808105468750000000
449.792541503906250000000
418.192504882812500000000
441.398193359375000000000
410.533264160156250000000
433.177551269531250000000
403.030151367187500000000
425.122619628906250000000
395.676269531250000000000
417.225708007812500000000
388.464355468750000000000
409.479553222656250000000
381.388061523437500000000
401.877075195312500000000
374.441589355468750000000
394.412780761718750000000
367.619079589843750000000
387.079833984375000000000
360.915588378906250000000
379.873352050781250000000
354.325622558593750000000
372.787658691406250000000
347.844970703125000000000
365.817810058593750000000
341.468627929687500000000
358.959167480468750000000
335.192810058593750000000
352.206970214843750000000
329.013427734375000000000
345.557495117187500000000
322.926452636718750000000
339.006347656250000000000
316.928771972656250000000
332.549560546875000000000
311.016540527343750000000
326.183898925781250000000
305.186523437500000000000
319.905761718750000000000
299.435546875000000000000
313.711669921875000000000
293.761230468750000000000
307.598815917968750000000
288.160217285156250000000
301.564208984375000000000
282.630004882812500000000
295.604370117187500000000
277.168273925781250000000
289.717163085937500000000
271.771911621093750000000
283.899963378906250000000
266.438964843750000000000
278.150085449218750000000
261.167297363281250000000
272.465393066406250000000
255.954956054687500000000
266.843078613281250000000
250.799194335937500000000
261.281250000000000000000
245.698913574218750000000
255.778015136718750000000
240.651306152343750000000
250.330993652343750000000
235.654968261718750000000
244.938232421875000000000
230.708435058593750000000
239.598144531250000000000
225.809570312500000000000
234.308654785156250000000
220.956909179687500000000
229.068054199218750000000
216.148620605468750000000
223.874816894531250000000
211.383789062500000000000
218.727111816406250000000
206.660583496093750000000
213.623474121093750000000
201.977294921875000000000
208.562561035156250000000
197.333068847656250000000
203.542480468750000000000
192.726257324218750000000
198.562377929687500000000
188.156005859375000000000
193.620300292968750000000
183.620239257812500000000
188.715270996093750000000
179.118713378906250000000
183.846008300781250000000
174.649719238281250000000
179.010925292968750000000
170.212280273437500000000
174.209045410156250000000
165.805175781250000000000
169.439636230468750000000
161.427490234375000000000
164.700683593750000000000
157.077941894531250000000
159.991394042968750000000
152.755981445312500000000
155.311218261718750000000
148.459838867187500000000
150.658081054687500000000
144.189575195312500000000
146.031982421875000000000
139.943664550781250000000
141.431335449218750000000
135.721374511718750000000
136.855163574218750000000
131.521301269531250000000
132.302734375000000000000
127.343444824218750000000
127.772888183593750000000
123.186340332031250000000
123.265014648437500000000
119.049194335937500000000
118.778076171875000000000
114.931579589843750000000
114.310852050781250000000
110.832092285156250000000
109.863098144531250000000
106.750427246093750000000
105.433532714843750000000
102.685974121093750000000
101.021240234375000000000
98.637512207031250000000
96.626098632812500000000
94.604614257812500000000
92.246582031250000000000
90.586242675781250000000
87.881896972656250000000
86.582092285156250000000
83.531860351562500000000
82.590942382812500000000
79.194946289062500000000
78.612670898437500000000
74.871337890625000000000
74.646301269531250000000
70.559753417968750000000
70.691345214843750000000
66.259399414062500000000
66.746765136718750000000
61.969482421875000000000
62.812255859375000000000
57.689941406250000000000
58.887268066406250000000
53.419250488281250000000
54.970886230468750000000
49.157165527343750000000
51.062438964843750000000
44.902893066406250000000
47.161254882812500000000
40.655944824218750000000
43.267272949218750000000
36.415100097656250000000
39.379333496093750000000
32.180541992187500000000
35.496887207031250000000
27.950683593750000000000
31.619384765625000000000
23.725585937500000000000
27.746582031250000000000
19.504150390625000000000
23.877136230468750000000
15.286315917968750000000
20.011413574218750000000
11.070129394531250000000
16.147949218750000000000
6.856567382812500000000
12.286193847656250000000
2.643737792968750000000
8.426513671875000000000
-1.567749023437500000000
4.567932128906250000000
