0.000000127165285970268,
0.000000097483551270241,
0.000000068236328809120,
0.000000036684322143604,
-0.000000000000000000000,
-0.000000044734723985952,
-0.000000100530202857895,
-0.000000170489800765869,
-0.000000257809309588767,
-0.000000365774680053841,
-0.000000497757717804598,
-0.000000657209408290662,
-0.000000847650553062982,
-0.000001072659424030691,
-0.000001335856171392132,
-0.000001640883755161632,
-0.000001991385209302266,
-0.000002390977091209229,
-0.000002843219017382811,
-0.000003351579238265477,
-0.000003919396260991193,
-0.000004549836587789086,
-0.000005245848699509789,
-0.000006010113477668824,
-0.000006844991323969197,
-0.000007752466302839042,
-0.000008734087699464415,
-0.000009790909452431610,
-0.000010923427985661021,
-0.000012131519028139630,
-0.000013414374071208171,
-0.000014770437171103779,
-0.000016197342858303191,
-0.000017691855964143949,
-0.000019249814218478296,
-0.000020866074508933311,
-0.000022534463721980277,
-0.000024247735107736334,
-0.000025997531123525177,
-0.000027774353715103108,
-0.000029567542988499358,
-0.000031365265209100654,
-0.000033154511037495281,
-0.000034921104873263583,
-0.000036649726128097850,
-0.000038323943188139365,
-0.000039926260752126437,
-0.000041438181146865132,
-0.000042840280124773932,
-0.000044112297540053780,
-0.000045233243180726877,
-0.000046181517903879610,
-0.000046935050081502168,
-0.000047471447215099825,
-0.000047768162419595203,
-0.000047802675311941445,
-0.000047552686668422353,
-0.000046996326038056608,
-0.000046112371319198047,
-0.000044880479123761923,
-0.000043281424570090640,
-0.000041297348962907020,
-0.000038912013638847914,
-0.000036111058080485246,
-0.000032882260232402103,
-0.000029215796791667504,
-0.000025104501093873171,
-0.000020544116076683162,
-0.000015533539677519387,
-0.000010075059912466208,
-0.000004174576791569983,
0.000002158191846778775,
0.000008909523551039885,
0.000016061526518571276,
0.000023591999906196285,
0.000031474322169785638,
0.000039677370365409985,
0.000048165473268933094,
0.000056898401066633832,
0.000065831394235991617,
0.000074915234072747862,
0.000084096357127629731,
0.000093317015593808364,
0.000102515485434630119,
0.000111626323761051312,
0.000120580676660438863,
0.000129306638344182646,
0.000137729662122364758,
0.000145773023331323285,
0.000153358333936358604,
0.000160406108109384409,
0.000166836377642580848,
0.000172569355606890987,
0.000177526146201594214,
0.000181629498271426715,
0.000184804599494333707,
0.000186979907769546937,
0.000188088015866125869,
0.000188066544930298014,
0.000186859061999954481,
0.000184416016240571297,
0.000180695688202816868,
0.000175665146012287852,
0.000169301202040321902,
0.000161591363275703429,
0.000152534768324245087,
0.000142143103710506340,
0.000130441491946884806,
0.000117469343673445601,
0.000103281166060219397,
0.000087947319605239575,
0.000071554715458776818,
0.000054207445459332627,
0.000036027337181701646,
0.000017154426473282770,
-0.000002252659807267828,
-0.000022016417834472602,
-0.000041940284265910231,
-0.000061808563294657828,
-0.000081386469015008928,
-0.000100420288266055263,
-0.000118637668513847099,
-0.000135748034673751353,
-0.000151443138063282452,
-0.000165397739915615447,
-0.000177270431079180072,
-0.000186704588683650160,
-0.000193329469672167374,
-0.000196761440189119769,
-0.000196605338877924127,
-0.000192455971190100982,
-0.000183899730841888698,
-0.000170516343584311073,
-0.000151880727483932242,
-0.000127564962951513599,
-0.000097140364811617325,
-0.000060179647785171161,
-0.000016259175866326999,
0.000035038714778068899,
0.000094123330566385618,
0.000161393184853963589,
0.000237233524513242786,
0.000322013832009709021,
0.000416085316802897458,
0.000519778410386418136,
0.000633400279683377803,
0.000757232373828683547,
0.000891528019593258595,
0.001036510080833386244,
0.001192368697378080921,
0.001359259118696057355,
0.001537299647509766292,
0.001726569708245964544,
0.001927108054830075018,
0.002138911131845511789,
0.002361931602490469680,
0.002596077056075233019,
0.002841208907015638826,
0.003097141496396332329,
0.003363641406205213243,
0.003640426995282787601,
0.003927168164892749606,
0.004223486360609417581,
0.004528954815940346504,
0.004843099041766451424,
0.005165397564295054651,
0.005495282912792161939,
0.005832142856898094377,
0.006175321891844461238,
0.006524122968390399374,
0.006877809462791593595,
0.007235607380617489585,
0.007596707786749553812,
0.007960269452437997509,
0.008325421708874810797,
0.008691267495368328738,
0.009056886588888226480,
0.009421339000499198701,
0.009783668523026383193,
0.010142906413203880978,
0.010498075190558184625,
0.010848192534378653731,
0.011192275259333955145,
0.011529343349613696557,
0.011858424030913153335,
0.012178555859141602241,
0.012488792804424756269,
0.012788208308792559792,
0.013075899295897502883,
0.013350990111196526025,
0.013612636371252671841,
0.013860028701169346474,
0.014092396339660015481,
0.014309010591875883853,
0.014509188110861208354,
0.014692293989375236618,
0.014857744644806993375,
0.015005010481007802214,
0.015133618312069692727,
0.015243153534378802230,
0.015333262034662446804,
0.015403651823218383193,
0.015454094383055451759,
0.015484425727275975132,
0.015494547158681650292,
0.015484425727275975132,
0.015454094383055451759,
0.015403651823218383193,
0.015333262034662446804,
0.015243153534378803965,
0.015133618312069692727,
0.015005010481007802214,
0.014857744644806993375,
0.014692293989375236618,
0.014509188110861208354,
0.014309010591875883853,
0.014092396339660015481,
0.013860028701169346474,
0.013612636371252671841,
0.013350990111196529495,
0.013075899295897504618,
0.012788208308792559792,
0.012488792804424756269,
0.012178555859141602241,
0.011858424030913153335,
0.011529343349613696557,
0.011192275259333955145,
0.010848192534378653731,
0.010498075190558184625,
0.010142906413203884447,
0.009783668523026388397,
0.009421339000499198701,
0.009056886588888226480,
0.008691267495368328738,
0.008325421708874810797,
0.007960269452437997509,
0.007596707786749553812,
0.007235607380617489585,
0.006877809462791593595,
0.006524122968390399374,
0.006175321891844464707,
0.005832142856898094377,
0.005495282912792161939,
0.005165397564295054651,
0.004843099041766451424,
0.004528954815940346504,
0.004223486360609417581,
0.003927168164892749606,
0.003640426995282787601,
0.003363641406205213243,
0.003097141496396334931,
0.002841208907015638826,
0.002596077056075233019,
0.002361931602490469680,
0.002138911131845511789,
0.001927108054830075018,
0.001726569708245964544,
0.001537299647509766292,
0.001359259118696057355,
0.001192368697378080921,
0.001036510080833386244,
0.000891528019593259679,
0.000757232373828683547,
0.000633400279683378671,
0.000519778410386418136,
0.000416085316802898108,
0.000322013832009709021,
0.000237233524513242433,
0.000161393184853963589,
0.000094123330566385456,
0.000035038714778068953,
-0.000016259175866326999,
-0.000060179647785171296,
-0.000097140364811617325,
-0.000127564962951513897,
-0.000151880727483932242,
-0.000170516343584311533,
-0.000183899730841888698,
-0.000192455971190100576,
-0.000196605338877924317,
-0.000196761440189119607,
-0.000193329469672167537,
-0.000186704588683649916,
-0.000177270431079180885,
-0.000165397739915615447,
-0.000151443138063282967,
-0.000135748034673751353,
-0.000118637668513846517,
-0.000100420288266055643,
-0.000081386469015008766,
-0.000061808563294658072,
-0.000041940284265909905,
-0.000022016417834472761,
-0.000002252659807267828,
0.000017154426473282113,
0.000036027337181701646,
0.000054207445459332559,
0.000071554715458776818,
0.000087947319605239860,
0.000103281166060219465,
0.000117469343673445926,
0.000130441491946884779,
0.000142143103710506367,
0.000152534768324245060,
0.000161591363275703429,
0.000169301202040321794,
0.000175665146012287852,
0.000180695688202816597,
0.000184416016240571297,
0.000186859061999954617,
0.000188066544930298041,
0.000188088015866126005,
0.000186979907769547045,
0.000184804599494333598,
0.000181629498271426715,
0.000177526146201594214,
0.000172569355606890743,
0.000166836377642580848,
0.000160406108109384491,
0.000153358333936358577,
0.000145773023331323285,
0.000137729662122364758,
0.000129306638344182592,
0.000120580676660438890,
0.000111626323761051312,
0.000102515485434630024,
0.000093317015593808364,
0.000084096357127629785,
0.000074915234072747862,
0.000065831394235991577,
0.000056898401066633886,
0.000048165473268933080,
0.000039677370365409985,
0.000031474322169785618,
0.000023591999906196296,
0.000016061526518571276,
0.000008909523551039889,
0.000002158191846778775,
-0.000004174576791569982,
-0.000010075059912466208,
-0.000015533539677519387,
-0.000020544116076683162,
-0.000025104501093873171,
-0.000029215796791667504,
-0.000032882260232402103,
-0.000036111058080485286,
-0.000038912013638847914,
-0.000041297348962907081,
-0.000043281424570090640,
-0.000044880479123761875,
-0.000046112371319198047,
-0.000046996326038056608,
-0.000047552686668422353,
-0.000047802675311941445,
-0.000047768162419595291,
-0.000047471447215099825,
-0.000046935050081502222,
-0.000046181517903879610,
-0.000045233243180726931,
-0.000044112297540053780,
-0.000042840280124774000,
-0.000041438181146865132,
-0.000039926260752126437,
-0.000038323943188139365,
-0.000036649726128097850,
-0.000034921104873263705,
-0.000033154511037495281,
-0.000031365265209100641,
-0.000029567542988499358,
-0.000027774353715103189,
-0.000025997531123525177,
-0.000024247735107736334,
-0.000022534463721980277,
-0.000020866074508933311,
-0.000019249814218478489,
-0.000017691855964143949,
-0.000016197342858303097,
-0.000014770437171103779,
-0.000013414374071208437,
-0.000012131519028139630,
-0.000010923427985660963,
-0.000009790909452431610,
-0.000008734087699464415,
-0.000007752466302839042,
-0.000006844991323969197,
-0.000006010113477668822,
-0.000005245848699509789,
-0.000004549836587789083,
-0.000003919396260991193,
-0.000003351579238265418,
-0.000002843219017382811,
-0.000002390977091209267,
-0.000001991385209302266,
-0.000001640883755161632,
-0.000001335856171392161,
-0.000001072659424030691,
-0.000000847650553062987,
-0.000000657209408290662,
-0.000000497757717804595,
-0.000000365774680053841,
-0.000000257809309588765,
-0.000000170489800765869,
-0.000000100530202857903,
-0.000000044734723985952,
-0.000000000000000000000,
0.000000036684322143606,
0.000000068236328809120,
0.000000097483551270241,
0.000000127165285970268,

