1.271652859702683157e-07,
9.748355127024120356e-08,
6.823632880911963511e-08,
3.668432214360415555e-08,
-3.135340922193338543e-22,
-4.473472398595176129e-08,
-1.005302028578945623e-07,
-1.704898007658693527e-07,
-2.578093095887668694e-07,
-3.657746800538406520e-07,
-4.977577178045981403e-07,
-6.572094082906620723e-07,
-8.476505530629819199e-07,
-1.072659424030690650e-06,
-1.335856171392131924e-06,
-1.640883755161632391e-06,
-1.991385209302265962e-06,
-2.390977091209229072e-06,
-2.843219017382811458e-06,
-3.351579238265477160e-06,
-3.919396260991193398e-06,
-4.549836587789085614e-06,
-5.245848699509788869e-06,
-6.010113477668823921e-06,
-6.844991323969196776e-06,
-7.752466302839041874e-06,
-8.734087699464414934e-06,
-9.790909452431609576e-06,
-1.092342798566102078e-05,
-1.213151902813962979e-05,
-1.341437407120817139e-05,
-1.477043717110377881e-05,
-1.619734285830319137e-05,
-1.769185596414394891e-05,
-1.924981421847829624e-05,
-2.086607450893331116e-05,
-2.253446372198027715e-05,
-2.424773510773633371e-05,
-2.599753112352517741e-05,
-2.777435371510310797e-05,
-2.956754298849935801e-05,
-3.136526520910065430e-05,
-3.315451103749528141e-05,
-3.492110487326358342e-05,
-3.664972612809784996e-05,
-3.832394318813936522e-05,
-3.992626075212643745e-05,
-4.143818114686513229e-05,
-4.284028012477393224e-05,
-4.411229754005378009e-05,
-4.523324318072687662e-05,
-4.618151790387960999e-05,
-4.693505008150216799e-05,
-4.747144721509982527e-05,
-4.776816241959520290e-05,
-4.780267531194144542e-05,
-4.755268666842235343e-05,
-4.699632603805660799e-05,
-4.611237131919804715e-05,
-4.488047912376192283e-05,
-4.328142457009064047e-05,
-4.129734896290702034e-05,
-3.891201363884791388e-05,
-3.611105808048524582e-05,
-3.288226023240210262e-05,
-2.921579679166750408e-05,
-2.510450109387317110e-05,
-2.054411607668316239e-05,
-1.553353967751938732e-05,
-1.007505991246620752e-05,
-4.174576791569982872e-06,
2.158191846778774589e-06,
8.909523551039885491e-06,
1.606152651857127643e-05,
2.359199990619628538e-05,
3.147432216978563808e-05,
3.967737036540998488e-05,
4.816547326893309394e-05,
5.689840106663383222e-05,
6.583139423599161720e-05,
7.491523407274786202e-05,
8.409635712762973095e-05,
9.331701559380836382e-05,
1.025154854346301187e-04,
1.116263237610513122e-04,
1.205806766604388633e-04,
1.293066383441826464e-04,
1.377296621223647577e-04,
1.457730233313232846e-04,
1.533583339363586045e-04,
1.604061081093844092e-04,
1.668363776425808485e-04,
1.725693556068909871e-04,
1.775261462015942143e-04,
1.816294982714267148e-04,
1.848045994943337065e-04,
1.869799077695469367e-04,
1.880880158661258695e-04,
1.880665449302980135e-04,
1.868590619999544811e-04,
1.844160162405712971e-04,
1.806956882028168680e-04,
1.756651460122878516e-04,
1.693012020403219023e-04,
1.615913632757034286e-04,
1.525347683242450874e-04,
1.421431037105063398e-04,
1.304414919468848061e-04,
1.174693436734456010e-04,
1.032811660602193975e-04,
8.794731960523957540e-05,
7.155471545877681761e-05,
5.420744545933262672e-05,
3.602733718170164639e-05,
1.715442647328277033e-05,
-2.252659807267827627e-06,
-2.201641783447260195e-05,
-4.194028426591023067e-05,
-6.180856329465782761e-05,
-8.138646901500892848e-05,
-1.004202882660552631e-04,
-1.186376685138470995e-04,
-1.357480346737513532e-04,
-1.514431380632824523e-04,
-1.653977399156154470e-04,
-1.772704310791800716e-04,
-1.867045886836501598e-04,
-1.933294696721673742e-04,
-1.967614401891197692e-04,
-1.966053388779241272e-04,
-1.924559711901009825e-04,
-1.838997308418886985e-04,
-1.705163435843110725e-04,
-1.518807274839322418e-04,
-1.275649629515135993e-04,
-9.714036481161732477e-05,
-6.017964778517116058e-05,
-1.625917586632699921e-05,
3.503871477806889902e-05,
9.412333056638561837e-05,
1.613931848539635889e-04,
2.372335245132427858e-04,
3.220138320097090212e-04,
4.160853168028974579e-04,
5.197784103864181359e-04,
6.334002796833778032e-04,
7.572323738286835474e-04,
8.915280195932585947e-04,
1.036510080833386244e-03,
1.192368697378080921e-03,
1.359259118696057355e-03,
1.537299647509766292e-03,
1.726569708245964544e-03,
1.927108054830075018e-03,
2.138911131845511789e-03,
2.361931602490469680e-03,
2.596077056075233019e-03,
2.841208907015638826e-03,
3.097141496396332329e-03,
3.363641406205213243e-03,
3.640426995282787601e-03,
3.927168164892749606e-03,
4.223486360609417581e-03,
4.528954815940346504e-03,
4.843099041766451424e-03,
5.165397564295054651e-03,
5.495282912792161939e-03,
5.832142856898094377e-03,
6.175321891844461238e-03,
6.524122968390399374e-03,
6.877809462791593595e-03,
7.235607380617489585e-03,
7.596707786749553812e-03,
7.960269452437997509e-03,
8.325421708874810797e-03,
8.691267495368328738e-03,
9.056886588888226480e-03,
9.421339000499198701e-03,
9.783668523026383193e-03,
1.014290641320388098e-02,
1.049807519055818462e-02,
1.084819253437865373e-02,
1.119227525933395515e-02,
1.152934334961369656e-02,
1.185842403091315334e-02,
1.217855585914160224e-02,
1.248879280442475627e-02,
1.278820830879255979e-02,
1.307589929589750288e-02,
1.335099011119652603e-02,
1.361263637125267184e-02,
1.386002870116934647e-02,
1.409239633966001548e-02,
1.430901059187588385e-02,
1.450918811086120835e-02,
1.469229398937523662e-02,
1.485774464480699338e-02,
1.500501048100780221e-02,
1.513361831206969273e-02,
1.524315353437880223e-02,
1.533326203466244680e-02,
1.540365182321838319e-02,
1.545409438305545176e-02,
1.548442572727597513e-02,
1.549454715868165029e-02,
1.548442572727597513e-02,
1.545409438305545176e-02,
1.540365182321838319e-02,
1.533326203466244680e-02,
1.524315353437880396e-02,
1.513361831206969273e-02,
1.500501048100780221e-02,
1.485774464480699338e-02,
1.469229398937523662e-02,
1.450918811086120835e-02,
1.430901059187588385e-02,
1.409239633966001548e-02,
1.386002870116934647e-02,
1.361263637125267184e-02,
1.335099011119652949e-02,
1.307589929589750462e-02,
1.278820830879255979e-02,
1.248879280442475627e-02,
1.217855585914160224e-02,
1.185842403091315334e-02,
1.152934334961369656e-02,
1.119227525933395515e-02,
1.084819253437865373e-02,
1.049807519055818462e-02,
1.014290641320388445e-02,
9.783668523026388397e-03,
9.421339000499198701e-03,
9.056886588888226480e-03,
8.691267495368328738e-03,
8.325421708874810797e-03,
7.960269452437997509e-03,
7.596707786749553812e-03,
7.235607380617489585e-03,
6.877809462791593595e-03,
6.524122968390399374e-03,
6.175321891844464707e-03,
5.832142856898094377e-03,
5.495282912792161939e-03,
5.165397564295054651e-03,
4.843099041766451424e-03,
4.528954815940346504e-03,
4.223486360609417581e-03,
3.927168164892749606e-03,
3.640426995282787601e-03,
3.363641406205213243e-03,
3.097141496396334931e-03,
2.841208907015638826e-03,
2.596077056075233019e-03,
2.361931602490469680e-03,
2.138911131845511789e-03,
1.927108054830075018e-03,
1.726569708245964544e-03,
1.537299647509766292e-03,
1.359259118696057355e-03,
1.192368697378080921e-03,
1.036510080833386244e-03,
8.915280195932596789e-04,
7.572323738286835474e-04,
6.334002796833786706e-04,
5.197784103864181359e-04,
4.160853168028981084e-04,
3.220138320097090212e-04,
2.372335245132424335e-04,
1.613931848539635889e-04,
9.412333056638545574e-05,
3.503871477806895323e-05,
-1.625917586632699921e-05,
-6.017964778517129610e-05,
-9.714036481161732477e-05,
-1.275649629515138975e-04,
-1.518807274839322418e-04,
-1.705163435843115333e-04,
-1.838997308418886985e-04,
-1.924559711901005759e-04,
-1.966053388779243169e-04,
-1.967614401891196066e-04,
-1.933294696721675368e-04,
-1.867045886836499159e-04,
-1.772704310791808847e-04,
-1.653977399156154470e-04,
-1.514431380632829673e-04,
-1.357480346737513532e-04,
-1.186376685138465167e-04,
-1.004202882660556426e-04,
-8.138646901500876584e-05,
-6.180856329465807156e-05,
-4.194028426590990541e-05,
-2.201641783447276119e-05,
-2.252659807267827627e-06,
1.715442647328211303e-05,
3.602733718170164639e-05,
5.420744545933255896e-05,
7.155471545877681761e-05,
8.794731960523986000e-05,
1.032811660602194653e-04,
1.174693436734459262e-04,
1.304414919468847790e-04,
1.421431037105063669e-04,
1.525347683242450603e-04,
1.615913632757034286e-04,
1.693012020403217939e-04,
1.756651460122878516e-04,
1.806956882028165970e-04,
1.844160162405712971e-04,
1.868590619999546166e-04,
1.880665449302980406e-04,
1.880880158661260050e-04,
1.869799077695470451e-04,
1.848045994943335981e-04,
1.816294982714267148e-04,
1.775261462015942143e-04,
1.725693556068907432e-04,
1.668363776425808485e-04,
1.604061081093844906e-04,
1.533583339363585774e-04,
1.457730233313232846e-04,
1.377296621223647577e-04,
1.293066383441825922e-04,
1.205806766604388905e-04,
1.116263237610513122e-04,
1.025154854346300239e-04,
9.331701559380836382e-05,
8.409635712762978516e-05,
7.491523407274786202e-05,
6.583139423599157654e-05,
5.689840106663388643e-05,
4.816547326893308038e-05,
3.967737036540998488e-05,
3.147432216978561775e-05,
2.359199990619629555e-05,
1.606152651857127643e-05,
8.909523551039888879e-06,
2.158191846778774589e-06,
-4.174576791569982025e-06,
-1.007505991246620752e-05,
-1.553353967751938732e-05,
-2.054411607668316239e-05,
-2.510450109387317110e-05,
-2.921579679166750408e-05,
-3.288226023240210262e-05,
-3.611105808048528648e-05,
-3.891201363884791388e-05,
-4.129734896290708133e-05,
-4.328142457009064047e-05,
-4.488047912376187540e-05,
-4.611237131919804715e-05,
-4.699632603805660799e-05,
-4.755268666842235343e-05,
-4.780267531194144542e-05,
-4.776816241959529099e-05,
-4.747144721509982527e-05,
-4.693505008150222220e-05,
-4.618151790387960999e-05,
-4.523324318072693083e-05,
-4.411229754005378009e-05,
-4.284028012477400000e-05,
-4.143818114686513229e-05,
-3.992626075212643745e-05,
-3.832394318813936522e-05,
-3.664972612809784996e-05,
-3.492110487326370539e-05,
-3.315451103749528141e-05,
-3.136526520910064075e-05,
-2.956754298849935801e-05,
-2.777435371510318928e-05,
-2.599753112352517741e-05,
-2.424773510773633371e-05,
-2.253446372198027715e-05,
-2.086607450893331116e-05,
-1.924981421847848936e-05,
-1.769185596414394891e-05,
-1.619734285830309650e-05,
-1.477043717110377881e-05,
-1.341437407120843735e-05,
-1.213151902813962979e-05,
-1.092342798566096318e-05,
-9.790909452431609576e-06,
-8.734087699464414934e-06,
-7.752466302839041874e-06,
-6.844991323969196776e-06,
-6.010113477668822227e-06,
-5.245848699509788869e-06,
-4.549836587789083073e-06,
-3.919396260991193398e-06,
-3.351579238265418291e-06,
-2.843219017382811458e-06,
-2.390977091209267188e-06,
-1.991385209302265962e-06,
-1.640883755161632391e-06,
-1.335856171392161358e-06,
-1.072659424030690650e-06,
-8.476505530629867904e-07,
-6.572094082906620723e-07,
-4.977577178045948580e-07,
-3.657746800538406520e-07,
-2.578093095887652283e-07,
-1.704898007658693527e-07,
-1.005302028579025562e-07,
-4.473472398595176129e-08,
-3.135340922193338543e-22,
3.668432214360641871e-08,
6.823632880911963511e-08,
9.748355127024140208e-08,
1.271652859702683157e-07,
