0.000000
20362756.114005
7.465089
-71810466166.775879
113372720.545334
-24.673832
-1389024.757915
-14052231249.276855
-1.974854
-8259341348.069195
8180163.040009
13428354.013052
-55753224.272112
-508.781313
-146204558544.623535
-193376.094989
-30082.011873
268533953.935539
2870516139260.144531
-3086.438977
-76129518115.550354
-181827681.021959
-0.000001
-2507392525.598858
3088149134424.386719
63290220862.759674
-36251416.227601
100663869752.221436
-26643.011858
3339032469541.484375
1130340032485.355469
6153347041244.078125
0.001024
-382033134790.486328
11.469240
14133.005918
123644976.605983
-0.061939
11303946312.118454
494806435627.742676
-787514265392.187500
-58642669775.449524
109067387102.207031
91616.047158
-3813605904.939152
-62920968.265207
-8924273095383.562500
-1656635656.357581
-0.014847
-0.002332
312196.188783
-0.002683
-113335615914.631226
-29166.003977
-19518.011790
3338785.521717
206.515718
-2519746060.353157
0.001770
14257158.075736
130194480.407669
393666753.841966
2701993194908.957031
480358106583.040039
1418.812750
-5830116390.849300
-1174720.756002
1518416.257052
665477505.013767
-8133633.016658
-1322409795487.552734
-23779938461.040482
-148050117379.032471
192016.094586
-106612272.286261
531381814364.733398
807632.129123
-3765664.516572
-1743102217.747067
0.014084
7458945.023873
-642330756.185971
104709767604.701172
108152336.401292
-59483775250.448456
2.895264
-4148888073.111916
109280272.006927
474830913.386551
-910327941.477513
-4617112596.466339
71769104.501188
41457432.149624
70020.047266
194481185.117786
25.469730
-7055619.002614
-31815428.107041
0.005566
170858592.577280
29996300.064834
217256992.958547
1997008.255646
-395434177.532696
-52064536.193336
287973639392.985352
-241500.032164
8878374837990.406250
17680445477.214355
0.000029
-28837644.041345
-1064099969.403934
-11.594732
956368.128473
52579095.914579
-8586136592.501556
4163680.499411
-399784478787.375732
-911569026.755552
-33935128.240496
-945760.128385
-28541726813.715393
297756.188086
-218906.094551
-721580419.538125
2083775234.158028
14792.505930
24933380198.872528
428083446286.587891
-103410.047425
19753476.103335
-1961040.252082
10823600208.251537
-3222144524.531288
509456.064167
-1377220960726.287109
35747946792.278809
342088.063438
108887327267.630676
686469507.442047
37210.023640
-393443521.567774
-66801160.098763
-81742578101.707397
587.390992
44462383288.071411
-1119797512.146634
-4719361.009653
0.056816
0.056057
-75278384.136264
-1781888.752353
1050684035058.567383
503.640810
-369454286867.288086
-6651.127947
1323.219002
755851650.612482
-1958752.752916
30947588.070663
-457156673.611348
181540960.665769
33.482430
-96820272.400011
7473859.017314
-2900410889.348030
3.984009
-2055971590.076494
-201451616.753712
2217.688004
1661024.755390
-50813464.155267
213505057.046736
-2108784898.720222
162602.032267
40675.007953
55012888.134853
560.625126
7845121.000553
41519046473.656250
2454.500498
18038788.103714
-29988.503966
-859072.378282
-2003.562748
-4697164821.443054
-1255536.256222
-11951.255897
-0.005112
-154560608.652824
111252.047144
-864555134.784760
2822373900.383110
358996033.051178
0.003061
-1142.531985
3761391117.182556
-60588.008008
14.512209
-950.203491
-720822402.141706
-176447584.566456
-492243009.668659
-1616388353.613251
-968920.376968
29094064211.997009
0.002629
605360.129134
151986271.621353
0.236633
-119695920.505685
-0.947327
-30856708.091498
172859424.674712
-140244.094524
-5721426971.913498
35.236351
254082.094243
-1392576.753265
8275297265.373291
-616198268.661865
-61541656.026986
-0.803772
451964.063261
807120.125999
-0.373383
3111264.506183
-112.445328
-366796.063664
186.265717
-3079.125494
50096267471.777649
213920864.543421
106660368.201591
-233785377.005011
-4992065.017076
-966.828250
-589096.125431
64329.007996
-1736160.254970
-76.593766
-551530624.245033
-1463408.755258
-175.250092
772224.129624
21803.011771
501235777.509684
7458554911.372330
17007.511809
-21149.003775
-62374424.138465
369912.064337
-83228688.280190
-0.000603
128590.015764
-403912897.602930
0.000000
0.000000
0.000000
0.000000
0.000000
0.000000
0.000000
0.000000
0.000000
0.000000
0.000000
0.000000
0.000000
0.000000
0.000000
0.000000
0.000000
0.000000
0.000000
0.000000
0.000000
0.000000
0.000000
0.000000
0.000000
0.000000
0.000000
0.000000
0.000000
0.000000
0.000000
0.000000
0.000000
0.000000
0.000000
0.000000
0.000000
0.000000
0.000000
0.000000
0.000000
0.000000
0.000000
0.000000
0.000000
0.000000
0.000000
0.000000
0.000000
0.000000
0.000000
0.000000
0.000000
0.000000
0.000000
0.000000
0.000000
0.000000
0.000000
0.000000
0.000000
0.000000
0.000000
0.000000
0.000000
0.000000
0.000000
0.000000
0.000000
0.000000
0.000000
0.000000
0.000000
0.000000
0.000000
0.000000
0.000000
0.000000
0.000000
0.000000
0.000000
0.000000
0.000000
0.000000
0.000000
0.000000
0.000000
0.000000
0.000000
0.000000
0.000000
0.000000
0.000000
0.000000
0.000000
0.000000
0.000000
0.000000
0.000000
0.000000
0.000000
0.000000
0.000000
0.000000
0.000000
0.000000
0.000000
0.000000
0.000000
0.000000
0.000000
0.000000
0.000000
0.000000
0.000000
0.000000
0.000000
0.000000
0.000000
0.000000
0.000000
0.000000
0.000000
0.000000
0.000000
0.000000
0.000000
0.000000
0.000000
0.000000
0.000000
0.000000
0.000000
0.000000
0.000000
0.000000
0.000000
0.000000
0.000000
0.000000
0.000000
0.000000
0.000000
0.000000
0.000000
0.000000
0.000000
0.000000
0.000000
0.000000
0.000000
0.000000
0.000000
0.000000
0.000000
0.000000
0.000000
0.000000
0.000000
0.000000
0.000000
0.000000
0.000000
0.000000
0.000000
0.000000
0.000000
0.000000
0.000000
0.000000
0.000000
0.000000
0.000000
0.000000
0.000000
0.000000
0.000000
0.000000
0.000000
0.000000
0.000000
0.000000
0.000000
0.000000
0.000000
0.000000
0.000000
0.000000
0.000000
0.000000
0.000000
0.000000
0.000000
0.000000
0.000000
0.000000
0.000000
0.000000
0.000000
0.000000
0.000000
0.000000
0.000000
0.000000
0.000000
0.000000
0.000000
0.000000
0.000000
0.000000
0.000000
0.000000
0.000000
0.000000
0.000000
0.000000
0.000000
0.000000
0.000000
0.000000
0.000000
0.000000
0.000000
0.000000
0.000000
0.000000
0.000000
0.000000
0.000000
0.000000
0.000000
0.000000
0.000000
0.000000
0.000000
0.000000
0.000000
0.000000
0.000000
0.000000
0.000000
0.000000
0.000000
0.000000
0.000000
0.000000
0.000000
0.000000
0.000000
0.000000
0.000000
0.000000
0.000000
0.000000
0.000000
-79545.015948
