0.000000000000000000000
0.537254333496093750000
-7.606876373291015625000
10.659923553466796875000
1.233280181884765625000
-17.994533538818359375000
22.089950561523437500000
-14.691429138183593750000
9.689392089843750000000
-8.458808898925781250000
1.442760467529296875000
8.270767211914062500000
-5.662338256835937500000
-9.348438262939453125000
17.271781921386718750000
-8.606094360351562500000
-0.998428344726562500000
-4.159545898437500000000
15.923015594482421875000
-17.061683654785156250000
6.975151062011718750000
2.560180664062500000000
-7.300403594970703125000
10.115238189697265625000
-8.661567687988281250000
1.045803070068359375000
1.998420715332031250000
9.839893341064453125000
-24.127555847167968750000
18.256378173828125000000
4.237663269042968750000
-13.419555664062500000000
-3.459007263183593750000
20.822780609130859375000
-11.000373840332031250000
-17.166538238525390625000
33.221439361572265625000
-24.436729431152343750000
2.626754760742187500000
16.390754699707031250000
-22.215660095214843750000
9.946659088134765625000
10.354721069335937500000
-15.417919158935546875000
-0.157081604003906250000
7.999534606933593750000
14.167594909667968750000
-41.408939361572265625000
33.617313385009765625000
2.072696685791015625000
-21.683986663818359375000
13.164516448974609375000
-8.080379486083984375000
20.040725708007812500000
-22.929706573486328125000
6.881023406982421875000
-3.406532287597656250000
25.755161285400390625000
-34.073665618896484375000
1.272747039794921875000
30.056079864501953125000
-9.138042449951171875000
-37.596439361572265625000
42.710327148437500000000
0.407779693603515625000
-34.042274475097656250000
26.779655456542968750000
-6.722854614257812500000
1.304203033447265625000
-1.274761199951171875000
-3.181308746337890625000
0.775604248046875000000
9.842456817626953125000
-10.508792877197265625000
0.686367034912109375000
-3.015663146972656250000
16.631908416748046875000
-8.663036346435546875000
-27.600196838378906250000
49.884708404541015625000
-28.864959716796875000000
-7.425636291503906250000
21.413448333740234375000
-19.656665802001953125000
23.174278259277343750000
-20.738563537597656250000
-3.849491119384765625000
26.477867126464843750000
-14.775848388671875000000
-12.457088470458984375000
8.875190734863281250000
24.788066864013671875000
-40.058288574218750000000
15.780094146728515625000
13.542861938476562500000
-14.676944732666015625000
-0.556266784667968750000
5.607460021972656250000
0.443550109863281250000
-4.239402770996093750000
4.595478057861328125000
-5.425266265869140625000
0.449169158935546875000
13.861125946044921875000
-23.298500061035156250000
14.029975891113281250000
3.445037841796875000000
-7.509178161621093750000
-3.297817230224609375000
10.818592071533203125000
-6.296028137207031250000
-0.310573577880859375000
1.826679229736328125000
-5.364593505859375000000
14.173343658447265625000
-15.317157745361328125000
0.431648254394531250000
13.950561523437500000000
-7.349800109863281250000
-10.188617706298828125000
9.940048217773437500000
8.428432464599609375000
-11.466529846191406250000
-14.196689605712890625000
32.914897918701171875000
-10.922607421875000000000
-27.495067596435546875000
31.313137054443359375000
2.346397399902343750000
-26.361652374267578125000
15.357421875000000000000
4.199733734130859375000
-5.560150146484375000000
0.632484436035156250000
-5.724044799804687500000
6.227317810058593750000
12.239551544189453125000
-26.212089538574218750000
6.969593048095703125000
26.809417724609375000000
-30.405445098876953125000
0.565895080566406250000
18.768337249755859375000
-1.919830322265625000000
-24.154403686523437500000
24.245807647705078125000
-4.232486724853515625000
-4.311473846435546875000
-9.588642120361328125000
26.955875396728515625000
-27.866310119628906250000
12.452816009521484375000
5.270221710205078125000
-12.593906402587890625000
6.397796630859375000000
6.178554534912109375000
-13.623394012451171875000
10.139328002929687500000
-0.550174713134765625000
-6.124500274658203125000
6.889179229736328125000
-6.941978454589843750000
12.196426391601562500000
-20.810787200927734375000
23.047454833984375000000
-11.228641510009765625000
-9.611602783203125000000
23.945747375488281250000
-21.462406158447265625000
8.621826171875000000000
-1.055957794189453125000
5.757720947265625000000
-14.931976318359375000000
17.136394500732421875000
-9.628406524658203125000
-2.004257202148437500000
11.768886566162109375000
-16.320190429687500000000
12.695610046386718750000
0.063652038574218750000
-15.075000762939453125000
19.660301208496093750000
-9.069446563720703125000
-5.249996185302734375000
8.235530853271484375000
-0.432464599609375000000
-3.767108917236328125000
-2.754665374755859375000
10.449001312255859375000
-8.218917846679687500000
-1.448982238769531250000
8.153495788574218750000
-6.841091156005859375000
-0.256801605224609375000
7.948165893554687500000
-9.306835174560546875000
0.482025146484375000000
10.678237915039062500000
-10.272998809814453125000
-1.604087829589843750000
7.893962860107421875000
0.638427734375000000000
-10.618698120117187500000
6.720394134521484375000
5.952255249023437500000
-13.027091979980468750000
11.473098754882812500000
-4.744747161865234375000
-8.551643371582031250000
24.212276458740234375000
-26.095287322998046875000
11.130931854248046875000
-4.421245574951171875000
22.920162200927734375000
-40.037418365478515625000
20.975044250488281250000
18.058277130126953125000
-27.693752288818359375000
-0.248043060302734375000
21.233894348144531250000
-7.859428405761718750000
-13.607833862304687500000
12.982044219970703125000
-0.818664550781250000000
-1.306167602539062500000
-0.660133361816406250000
-5.412075042724609375000
7.122299194335937500000
8.566978454589843750000
-23.633167266845703125000
15.999111175537109375000
-0.519622802734375000000
6.492698669433593750000
-26.591972351074218750000
26.908813476562500000000
-3.051342010498046875000
-12.697921752929687500000
3.715908050537109375000
8.011341094970703125000
-2.720104217529296875000
-5.401943206787109375000
-3.505199432373046875000
19.322689056396484375000
-18.999683380126953125000
4.567932128906250000000
1.880111694335937500000
4.335056304931640625000
-3.802913665771484375000
-12.344043731689453125000
24.356693267822265625000
-13.940670013427734375000
-4.429180145263671875000
3.201431274414062500000
15.006996154785156250000
-18.902629852294921875000
-4.091278076171875000000
27.114719390869140625000
-23.217647552490234375000
3.894470214843750000000
2.080932617187500000000
7.588703155517578125000
-12.078472137451171875000
5.935089111328125000000
-5.453598022460937500000
16.520065307617187500000
-23.056888580322265625000
14.500415802001953125000
-3.197242736816406250000
4.971710205078125000000
-18.290740966796875000000
30.505142211914062500000
-31.999809265136718750000
20.080806732177734375000
-2.039638519287109375000
-4.652484893798828125000
-8.671627044677734375000
23.169040679931640625000
-13.433025360107421875000
-12.278652191162109375000
18.781513214111328125000
3.533893585205078125000
-22.136924743652343750000
11.465682983398437500000
9.462387084960937500000
-8.990829467773437500000
-10.503707885742187500000
22.379020690917968750000
-15.935451507568359375000
2.036815643310546875000
10.524681091308593750000
-20.588054656982421875000
23.052692413330078125000
-13.042888641357421875000
-1.226943969726562500000
6.562583923339843750000
-3.079948425292968750000
0.676132202148437500000
-1.459239959716796875000
-0.674621582031250000000
6.369899749755859375000
-9.121734619140625000000
4.850044250488281250000
5.849666595458984375000
-20.203144073486328125000
29.822360992431640625000
-22.489074707031250000000
-1.995925903320312500000
24.584228515625000000000
-26.688137054443359375000
11.628784179687500000000
2.905944824218750000000
-6.832305908203125000000
2.323055267333984375000
5.715442657470703125000
-12.407890319824218750000
12.214797973632812500000
-5.934001922607421875000
2.922294616699218750000
-7.922313690185546875000
13.142776489257812500000
-11.703037261962890625000
8.981575012207031250000
-10.352588653564453125000
8.882827758789062500000
1.505794525146484375000
-11.277099609375000000000
9.442726135253906250000
-3.382484436035156250000
6.890953063964843750000
-15.662391662597656250000
14.350605010986328125000
-3.950561523437500000000
1.124000549316406250000
-9.821533203125000000000
13.914768218994140625000
-3.215080261230468750000
-10.500926971435546875000
11.766716003417968750000
-2.520717620849609375000
-4.765129089355468750000
5.792037963867187500000
-5.990352630615234375000
8.514354705810546875000
-10.540596008300781250000
10.590740203857421875000
-11.521511077880859375000
13.963954925537109375000
-12.618927001953125000000
4.120281219482421875000
4.640316009521484375000
-3.560333251953125000000
-5.275222778320312500000
8.639507293701171875000
-2.169147491455078125000
-2.023746490478515625000
-3.786903381347656250000
6.935211181640625000000
5.412189483642578125000
-20.416728973388671875000
15.918354034423828125000
2.549629211425781250000
-7.315689086914062500000
-7.537605285644531250000
16.167591094970703125000
-3.457588195800781250000
-10.604907989501953125000
5.319267272949218750000
6.680606842041015625000
-2.489151000976562500000
-12.465396881103515625000
15.093639373779296875000
-2.757598876953125000000
-5.598690032958984375000
1.673671722412109375000
3.114715576171875000000
-1.049659729003906250000
-0.478389739990234375000
-4.685237884521484375000
10.151557922363281250000
-8.624858856201171875000
3.924392700195312500000
-4.840511322021484375000
12.610355377197265625000
-18.813110351562500000000
14.314273834228515625000
-0.096679687500000000000
-11.337368011474609375000
9.433521270751953125000
0.455230712890625000000
-4.680854797363281250000
2.278934478759765625000
-5.142627716064453125000
14.751537322998046875000
-16.165657043457031250000
3.712245941162109375000
5.586215972900390625000
1.351753234863281250000
-10.242370605468750000000
2.213958740234375000000
13.266372680664062500000
-12.342636108398437500000
-3.872226715087890625000
10.314628601074218750000
1.891647338867187500000
-11.833747863769531250000
2.404922485351562500000
13.505371093750000000000
-12.804946899414062500000
-5.424030303955078125000
20.929065704345703125000
-19.387001037597656250000
7.140335083007812500000
0.448314666748046875000
1.885322570800781250000
-5.077320098876953125000
-0.392524719238281250000
10.132381439208984375000
-10.763134002685546875000
-0.805816650390625000000
11.462806701660156250000
-9.783603668212890625000
1.452968597412109375000
0.930912017822265625000
3.881652832031250000000
-7.919601440429687500000
8.797580718994140625000
-10.287906646728515625000
10.814018249511718750000
-4.034984588623046875000
-8.347934722900390625000
15.332115173339843750000
-10.939476013183593750000
1.512645721435546875000
4.045372009277343750000
-4.469249725341796875000
3.951721191406250000000
-5.664031982421875000000
10.220890045166015625000
-15.926746368408203125000
18.091484069824218750000
-12.147758483886718750000
0.146213531494140625000
8.834075927734375000000
-7.639171600341796875000
-0.912971496582031250000
7.068477630615234375000
-4.862060546875000000000
-1.915767669677734375000
5.269729614257812500000
-3.089954376220703125000
0.843338012695312500000
-2.886089324951171875000
6.241783142089843750000
-5.788780212402343750000
1.719615936279296875000
2.302394866943359375000
-4.699611663818359375000
4.973106384277343750000
-1.806903839111328125000
-1.756221771240234375000
-2.625869750976562500000
15.280025482177734375000
-20.915988922119140625000
7.757884979248046875000
10.593833923339843750000
-9.823490142822265625000
-9.589366912841796875000
21.213394165039062500000
-10.741828918457031250000
-5.101123809814453125000
6.595096588134765625000
1.131111145019531250000
-2.222080230712890625000
-3.405727386474609375000
5.061798095703125000000
-2.463710784912109375000
3.740791320800781250000
-7.783920288085937500000
5.827854156494140625000
1.056919097900390625000
-1.649597167968750000000
-6.669754028320312500000
12.027297973632812500000
-5.407642364501953125000
-5.697807312011718750000
7.411026000976562500000
1.796138763427734375000
-9.283378601074218750000
5.236450195312500000000
3.752765655517578125000
-3.332691192626953125000
-7.352245330810546875000
11.867248535156250000000
0.351165771484375000000
-15.736583709716796875000
13.673957824707031250000
3.259517669677734375000
-12.271972656250000000000
3.322704315185546875000
8.594177246093750000000
-8.858901977539062500000
3.548141479492187500000
-4.705554962158203125000
9.864345550537109375000
-9.240203857421875000000
3.271072387695312500000
0.382358551025390625000
-1.016544342041015625000
3.990535736083984375000
-9.384963989257812500000
11.504680633544921875000
-7.580009460449218750000
0.000000000000000000000
7.580005645751953125000
-11.504684448242187500000
9.384960174560546875000
-3.990539550781250000000
1.016544342041015625000
-0.382366180419921875000
-3.271076202392578125000
9.240200042724609375000
-9.864349365234375000000
4.705554962158203125000
-3.548149108886718750000
8.858894348144531250000
-8.594184875488281250000
-3.322708129882812500000
12.271968841552734375000
-3.259521484375000000000
-13.673965454101562500000
15.736579895019531250000
-0.351169586181640625000
-11.867256164550781250000
7.352241516113281250000
3.332687377929687500000
-3.752769470214843750000
-5.236454010009765625000
9.283374786376953125000
-1.796142578125000000000
-7.411033630371093750000
5.697803497314453125000
5.407638549804687500000
-12.027301788330078125000
6.669750213623046875000
1.649593353271484375000
-1.056926727294921875000
-5.827857971191406250000
7.783916473388671875000
-3.740798950195312500000
2.463710784912109375000
-5.061801910400390625000
3.405719757080078125000
2.222076416015625000000
-1.131114959716796875000
-6.595100402832031250000
5.101119995117187500000
10.741825103759765625000
-21.213397979736328125000
9.589363098144531250000
9.823486328125000000000
-10.593837738037109375000
-7.757884979248046875000
20.915985107421875000000
-15.280033111572265625000
2.625862121582031250000
1.756217956542968750000
1.806900024414062500000
-4.973110198974609375000
4.699604034423828125000
-2.302394866943359375000
-1.719615936279296875000
5.788776397705078125000
-6.241786956787109375000
2.886089324951171875000
-0.843341827392578125000
3.089946746826171875000
-5.269733428955078125000
1.915763854980468750000
4.862052917480468750000
-7.068481445312500000000
0.912967681884765625000
7.639163970947265625000
-8.834079742431640625000
-0.146213531494140625000
12.147754669189453125000
-18.091487884521484375000
15.926742553710937500000
-10.220893859863281250000
5.664031982421875000000
-3.951725006103515625000
4.469245910644531250000
-4.045375823974609375000
-1.512649536132812500000
10.939472198486328125000
-15.332122802734375000000
8.347930908203125000000
4.034976959228515625000
-10.814022064208984375000
10.287902832031250000000
-8.797584533691406250000
7.919597625732421875000
-3.881656646728515625000
-0.930915832519531250000
-1.452972412109375000000
9.783599853515625000000
-11.462810516357421875000
0.805812835693359375000
10.763130187988281250000
-10.132385253906250000000
0.392517089843750000000
5.077316284179687500000
-1.885326385498046875000
-0.448322296142578125000
-7.140338897705078125000
19.386993408203125000000
-20.929069519042968750000
5.424026489257812500000
12.804943084716796875000
-13.505378723144531250000
-2.404930114746093750000
11.833744049072265625000
-1.891651153564453125000
-10.314636230468750000000
3.872222900390625000000
12.342632293701171875000
-13.266380310058593750000
-2.213962554931640625000
10.242366790771484375000
-1.351757049560546875000
-5.586219787597656250000
-3.712249755859375000000
16.165653228759765625000
-14.751541137695312500000
5.142623901367187500000
-2.278942108154296875000
4.680850982666015625000
-0.455238342285156250000
-9.433525085449218750000
11.337364196777343750000
0.096675872802734375000
-14.314277648925781250000
18.813106536865234375000
-12.610359191894531250000
4.840503692626953125000
-3.924396514892578125000
8.624855041503906250000
-10.151565551757812500000
4.685234069824218750000
0.478385925292968750000
1.049655914306640625000
-3.114723205566406250000
-1.673679351806640625000
5.598686218261718750000
2.757595062255859375000
-15.093643188476562500000
12.465393066406250000000
2.489143371582031250000
-6.680610656738281250000
-5.319274902343750000000
10.604900360107421875000
3.457584381103515625000
-16.167594909667968750000
7.537601470947265625000
7.315685272216796875000
-2.549633026123046875000
-15.918361663818359375000
20.416721343994140625000
-5.412193298339843750000
-6.935214996337890625000
3.786895751953125000000
2.023742675781250000000
2.169143676757812500000
-8.639514923095703125000
5.275218963623046875000
3.560329437255859375000
-4.640319824218750000000
-4.120285034179687500000
12.618923187255859375000
-13.963958740234375000000
11.521507263183593750000
-10.590744018554687500000
10.540592193603515625000
-8.514358520507812500000
5.990348815917968750000
-5.792041778564453125000
4.765125274658203125000
2.520713806152343750000
-11.766719818115234375000
10.500923156738281250000
3.215072631835937500000
-13.914772033691406250000
9.821529388427734375000
-1.124008178710937500000
3.950557708740234375000
-14.350608825683593750000
15.662384033203125000000
-6.890960693359375000000
3.382480621337890625000
-9.442729949951171875000
11.277095794677734375000
-1.505798339843750000000
-8.882831573486328125000
10.352581024169921875000
-8.981578826904296875000
11.703033447265625000000
-13.142776489257812500000
7.922309875488281250000
-2.922298431396484375000
5.933998107910156250000
-12.214801788330078125000
12.407886505126953125000
-5.715446472167968750000
-2.323059082031250000000
6.832302093505859375000
-2.905952453613281250000
-11.628787994384765625000
26.688129425048828125000
-24.584236145019531250000
1.995922088623046875000
22.489070892333984375000
-29.822364807128906250000
20.203140258789062500000
-5.849670410156250000000
-4.850048065185546875000
9.121730804443359375000
-6.369903564453125000000
0.674617767333984375000
1.459236145019531250000
-0.676136016845703125000
3.079940795898437500000
-6.562587738037109375000
1.226940155029296875000
13.042884826660156250000
-23.052696228027343750000
20.588050842285156250000
-10.524688720703125000000
-2.036819458007812500000
15.935443878173828125000
-22.379024505615234375000
10.503704071044921875000
8.990825653076171875000
-9.462390899658203125000
-11.465690612792968750000
22.136917114257812500000
-3.533897399902343750000
-18.781517028808593750000
12.278648376464843750000
13.433021545410156250000
-23.169044494628906250000
8.671623229980468750000
4.652477264404296875000
2.039634704589843750000
-20.080810546875000000000
31.999805450439453125000
-30.505149841308593750000
18.290737152099609375000
-4.971714019775390625000
3.197238922119140625000
-14.500419616699218750000
23.056880950927734375000
-16.520069122314453125000
5.453594207763671875000
-5.935096740722656250000
12.078468322753906250000
-7.588706970214843750000
-2.080940246582031250000
-3.894474029541015625000
23.217643737792968750000
-27.114719390869140625000
4.091278076171875000000
18.902626037597656250000
-15.006999969482421875000
-3.201435089111328125000
4.429176330566406250000
13.940666198730468750000
-24.356697082519531250000
12.344043731689453125000
3.802909851074218750000
-4.335060119628906250000
-1.880115509033203125000
-4.567935943603515625000
18.999675750732421875000
-19.322692871093750000000
3.505195617675781250000
5.401943206787109375000
2.720100402832031250000
-8.011341094970703125000
-3.715911865234375000000
12.697917938232421875000
3.051338195800781250000
-26.908817291259765625000
26.591968536376953125000
-6.492702484130859375000
0.519618988037109375000
-15.999114990234375000000
23.633163452148437500000
-8.566986083984375000000
-7.122303009033203125000
5.412067413330078125000
0.660129547119140625000
1.306163787841796875000
0.818660736083984375000
-12.982048034667968750000
13.607826232910156250000
7.859424591064453125000
-21.233898162841796875000
0.248039245605468750000
27.693748474121093750000
-18.058280944824218750000
-20.975048065185546875000
40.037414550781250000000
-22.920169830322265625000
4.421241760253906250000
-11.130935668945312500000
26.095279693603515625000
-24.212280273437500000000
8.551639556884765625000
4.744739532470703125000
-11.473102569580078125000
13.027088165283203125000
-5.952259063720703125000
-6.720397949218750000000
10.618694305419921875000
-0.638435363769531250000
-7.893966674804687500000
1.604084014892578125000
10.272994995117187500000
-10.678241729736328125000
-0.482028961181640625000
9.306831359863281250000
-7.948169708251953125000
0.256797790527343750000
6.841087341308593750000
-8.153499603271484375000
1.448978424072265625000
8.218910217285156250000
-10.449005126953125000000
2.754665374755859375000
3.767105102539062500000
0.432460784912109375000
-8.235534667968750000000
5.249992370605468750000
9.069442749023437500000
-19.660301208496093750000
15.075000762939453125000
-0.063655853271484375000
-12.695610046386718750000
16.320186614990234375000
-11.768894195556640625000
2.004253387451171875000
9.628402709960937500000
-17.136398315429687500000
14.931972503662109375000
-5.757724761962890625000
1.055953979492187500000
-8.621833801269531250000
21.462402343750000000000
-23.945751190185546875000
9.611602783203125000000
11.228637695312500000000
-23.047458648681640625000
20.810783386230468750000
-12.196430206298828125000
6.941974639892578125000
-6.889183044433593750000
6.124492645263671875000
0.550170898437500000000
-10.139331817626953125000
13.623386383056640625000
-6.178554534912109375000
-6.397800445556640625000
12.593906402587890625000
-5.270225524902343750000
-12.452823638916015625000
27.866302490234375000000
-26.955883026123046875000
9.588638305664062500000
4.311466217041015625000
4.232486724853515625000
-24.245815277099609375000
24.154399871826171875000
1.919822692871093750000
-18.768344879150390625000
-0.565898895263671875000
30.405441284179687500000
-26.809421539306640625000
-6.969596862792968750000
26.212085723876953125000
-12.239559173583984375000
-6.227321624755859375000
5.724037170410156250000
-0.632488250732421875000
5.560142517089843750000
-4.199741363525390625000
-15.357429504394531250000
26.361644744873046875000
-2.346401214599609375000
-31.313140869140625000000
27.495063781738281250000
10.922607421875000000000
-32.914897918701171875000
14.196685791015625000000
11.466522216796875000000
-8.428436279296875000000
-9.940052032470703125000
10.188613891601562500000
7.349796295166015625000
-13.950565338134765625000
-0.431655883789062500000
15.317153930664062500000
-14.173347473144531250000
5.364585876464843750000
-1.826683044433593750000
0.310569763183593750000
6.296024322509765625000
-10.818595886230468750000
3.297817230224609375000
7.509178161621093750000
-3.445041656494140625000
-14.029979705810546875000
23.298496246337890625000
-13.861133575439453125000
-0.449172973632812500000
5.425258636474609375000
-4.595481872558593750000
4.239398956298828125000
-0.443553924560546875000
-5.607463836669921875000
0.556262969970703125000
14.676940917968750000000
-13.542869567871093750000
-15.780097961425781250000
40.058284759521484375000
-24.788074493408203125000
-8.875198364257812500000
12.457080841064453125000
14.775840759277343750000
-26.477870941162109375000
3.849487304687500000000
20.738555908203125000000
-23.174285888671875000000
19.656658172607421875000
-21.413455963134765625000
7.425628662109375000000
28.864955902099609375000
-49.884716033935546875000
27.600189208984375000000
8.663028717041015625000
-16.631912231445312500000
3.015655517578125000000
-0.686374664306640625000
10.508785247802734375000
-9.842460632324218750000
-0.775611877441406250000
3.181304931640625000000
1.274753570556640625000
-1.304210662841796875000
6.722846984863281250000
-26.779659271240234375000
34.042266845703125000000
-0.407787322998046875000
-42.710327148437500000000
37.596431732177734375000
9.138038635253906250000
-30.056083679199218750000
-1.272750854492187500000
34.073661804199218750000
-25.755168914794921875000
3.406528472900390625000
-6.881027221679687500000
22.929702758789062500000
-20.040733337402343750000
8.080371856689453125000
-13.164516448974609375000
21.683979034423828125000
-2.072700500488281250000
-33.617317199707031250000
41.408927917480468750000
-14.167598724365234375000
-7.999538421630859375000
0.157073974609375000000
15.417911529541015625000
-10.354724884033203125000
-9.946666717529296875000
22.215652465820312500000
-16.390758514404296875000
-2.626762390136718750000
24.436721801757812500000
-33.221446990966796875000
17.166530609130859375000
11.000362396240234375000
-20.822792053222656250000
3.458999633789062500000
13.419544219970703125000
-4.237670898437500000000
-18.256385803222656250000
24.127548217773437500000
-9.839897155761718750000
-1.998424530029296875000
-1.045814514160156250000
8.661560058593750000000
-10.115249633789062500000
7.300392150878906250000
-2.560192108154296875000
-6.975162506103515625000
17.061664581298828125000
-15.923027038574218750000
4.159530639648437500000
0.998416900634765625000
8.606086730957031250000
-17.271789550781250000000
9.348426818847656250000
5.662326812744140625000
-8.270778656005859375000
-1.442768096923828125000
8.458797454833984375000
-9.689407348632812500000
14.691413879394531250000
-22.089969635009765625000
17.994514465332031250000
-1.233299255371093750000
-10.659942626953125000000
7.606849670410156250000
-0.537292480468750000000
