512.000671386718750000000
13.185234069824218750000
19.552925109863281250000
-7.711746215820312500000
-21.802787780761718750000
8.568962097167968750000
-16.840583801269531250000
34.553710937500000000000
-8.167510986328125000000
-24.138389587402343750000
-35.876914978027343750000
1.835296630859375000000
21.660713195800781250000
19.548645019531250000000
29.038970947265625000000
-34.454063415527343750000
-34.156570434570312500000
-14.968627929687500000000
-20.984939575195312500000
-9.309310913085937500000
20.443794250488281250000
-17.405364990234375000000
-31.520889282226562500000
-11.197715759277343750000
14.172630310058593750000
31.689918518066406250000
-13.132972717285156250000
-5.756919860839843750000
-24.886566162109375000000
-4.036605834960937500000
15.895919799804687500000
19.929840087890625000000
7.459449768066406250000
-5.550674438476562500000
10.166007995605468750000
-14.759941101074218750000
-29.565834045410156250000
5.625633239746093750000
24.118453979492187500000
-12.683479309082031250000
14.376464843750000000000
9.931190490722656250000
3.471984863281250000000
-5.281883239746093750000
19.756607055664062500000
19.893051147460937500000
7.177627563476562500000
18.860649108886718750000
-5.308952331542968750000
2.835845947265625000000
-6.507705688476562500000
-11.586776733398437500000
10.664451599121093750000
5.214500427246093750000
-5.384735107421875000000
-49.905487060546875000000
-21.409698486328125000000
-8.706314086914062500000
-15.231155395507812500000
-29.553581237792968750000
-10.090805053710937500000
-13.471458435058593750000
-10.806556701660156250000
-7.680000305175781250000
9.559577941894531250000
29.698600769042968750000
-8.584709167480468750000
12.883102416992187500000
-2.027534484863281250000
4.529029846191406250000
15.623252868652343750000
30.520240783691406250000
-8.094764709472656250000
-11.400604248046875000000
-5.160354614257812500000
-4.724479675292968750000
19.557243347167968750000
19.878707885742187500000
29.976539611816406250000
-4.875946044921875000000
8.445472717285156250000
18.975532531738281250000
11.293823242187500000000
9.682685852050781250000
-20.612113952636718750000
6.531059265136718750000
5.111915588378906250000
1.055419921875000000000
7.092407226562500000000
47.280418395996093750000
-6.233169555664062500000
16.152114868164062500000
-5.575927734375000000000
-9.623680114746093750000
23.538322448730468750000
3.434501647949218750000
-1.334587097167968750000
11.402603149414062500000
-9.322700500488281250000
-5.236473083496093750000
-4.298721313476562500000
14.673492431640625000000
7.563804626464843750000
-8.523132324218750000000
-8.747039794921875000000
5.757698059082031250000
13.949028015136718750000
-11.862503051757812500000
-2.325897216796875000000
10.799743652343750000000
-2.646087646484375000000
2.807868957519531250000
-0.615783691406250000000
12.452011108398437500000
-0.408317565917968750000
-4.250778198242187500000
0.924636840820312500000
-18.105491638183593750000
7.022209167480468750000
-14.783424377441406250000
11.731117248535156250000
-7.714424133300781250000
-2.402061462402343750000
-10.241912841796875000000
-12.305000305175781250000
-2.158027648925781250000
-26.312713623046875000000
-9.718132019042968750000
-2.056983947753906250000
-24.046653747558593750000
10.453865051269531250000
2.131858825683593750000
32.503074645996093750000
-9.062576293945312500000
11.318893432617187500000
19.674118041992187500000
-26.069702148437500000000
3.842712402343750000000
-20.453834533691406250000
-11.536376953125000000000
-10.517814636230468750000
-9.084381103515625000000
3.160400390625000000000
-11.356712341308593750000
-2.239059448242187500000
7.504463195800781250000
17.173072814941406250000
2.471191406250000000000
4.784156799316406250000
6.284530639648437500000
-2.180221557617187500000
-2.409202575683593750000
-15.895057678222656250000
-17.728469848632812500000
16.602752685546875000000
-4.902038574218750000000
17.500709533691406250000
-6.449928283691406250000
-2.986160278320312500000
5.044815063476562500000
9.781570434570312500000
-6.652297973632812500000
21.424926757812500000000
-9.600692749023437500000
-4.864585876464843750000
5.348030090332031250000
0.705513000488281250000
-8.305976867675781250000
-8.118789672851562500000
17.917221069335937500000
-7.039596557617187500000
-5.937088012695312500000
18.991119384765625000000
2.720222473144531250000
18.666709899902343750000
5.235115051269531250000
-4.630615234375000000000
15.324493408203125000000
1.070732116699218750000
-0.143859863281250000000
6.605087280273437500000
10.550758361816406250000
3.897010803222656250000
-10.887344360351562500000
4.397148132324218750000
-6.721527099609375000000
9.486419677734375000000
-5.828422546386718750000
-4.341705322265625000000
-6.445190429687500000000
-4.810722351074218750000
0.446189880371093750000
8.766220092773437500000
4.409423828125000000000
10.114608764648437500000
-3.059577941894531250000
-10.365112304687500000000
9.654777526855468750000
13.926216125488281250000
-1.125808715820312500000
4.566825866699218750000
-5.063301086425781250000
10.698547363281250000000
1.806625366210937500000
-4.061782836914062500000
-6.499626159667968750000
-5.635726928710937500000
19.724662780761718750000
-0.371353149414062500000
-2.840599060058593750000
-16.727676391601562500000
-3.970985412597656250000
7.711685180664062500000
6.795387268066406250000
-9.364387512207031250000
-11.913497924804687500000
-13.114631652832031250000
-4.071899414062500000000
-3.343009948730468750000
0.292915344238281250000
0.103866577148437500000
-1.431777954101562500000
7.789581298828125000000
3.116157531738281250000
2.045356750488281250000
-0.899719238281250000000
3.165794372558593750000
8.187271118164062500000
5.535285949707031250000
-1.181976318359375000000
3.192687988281250000000
-9.972206115722656250000
-4.694740295410156250000
3.225463867187500000000
16.320686340332031250000
4.742736816406250000000
8.011398315429687500000
1.441467285156250000000
8.098999023437500000000
6.179229736328125000000
4.469169616699218750000
1.245033264160156250000
-6.767982482910156250000
-3.126510620117187500000
27.761459350585937500000
-3.407638549804687500000
8.154945373535156250000
15.372329711914062500000
-7.848060607910156250000
0.052680969238281250000
-4.861770629882812500000
14.095596313476562500000
4.966094970703125000000
5.598266601562500000000
2.282882690429687500000
-9.646873474121093750000
-20.943786621093750000000
-9.646873474121093750000
2.282882690429687500000
5.598266601562500000000
4.966094970703125000000
14.095596313476562500000
-4.861770629882812500000
0.052680969238281250000
-7.848060607910156250000
15.372329711914062500000
8.154945373535156250000
-3.407638549804687500000
27.761459350585937500000
-3.126510620117187500000
-6.767982482910156250000
1.245033264160156250000
4.469169616699218750000
6.179229736328125000000
8.098999023437500000000
1.441467285156250000000
8.011398315429687500000
4.742736816406250000000
16.320686340332031250000
3.225463867187500000000
-4.694740295410156250000
-9.972198486328125000000
3.192687988281250000000
-1.181976318359375000000
5.535285949707031250000
8.187271118164062500000
3.165794372558593750000
-0.899719238281250000000
2.045356750488281250000
3.116157531738281250000
7.789581298828125000000
-1.431777954101562500000
0.103874206542968750000
0.292915344238281250000
-3.343002319335937500000
-4.071899414062500000000
-13.114631652832031250000
-11.913497924804687500000
-9.364387512207031250000
6.795387268066406250000
7.711685180664062500000
-3.970985412597656250000
-16.727676391601562500000
-2.840599060058593750000
-0.371353149414062500000
19.724662780761718750000
-5.635719299316406250000
-6.499626159667968750000
-4.061782836914062500000
1.806632995605468750000
10.698547363281250000000
-5.063301086425781250000
4.566825866699218750000
-1.125808715820312500000
13.926216125488281250000
9.654777526855468750000
-10.365112304687500000000
-3.059577941894531250000
10.114608764648437500000
4.409423828125000000000
8.766220092773437500000
0.446189880371093750000
-4.810722351074218750000
-6.445190429687500000000
-4.341697692871093750000
-5.828422546386718750000
9.486427307128906250000
-6.721527099609375000000
4.397148132324218750000
-10.887344360351562500000
3.897018432617187500000
10.550758361816406250000
6.605094909667968750000
-0.143859863281250000000
1.070739746093750000000
15.324501037597656250000
-4.630607604980468750000
5.235115051269531250000
18.666709899902343750000
2.720222473144531250000
18.991119384765625000000
-5.937080383300781250000
-7.039596557617187500000
17.917228698730468750000
-8.118789672851562500000
-8.305969238281250000000
0.705513000488281250000
5.348037719726562500000
-4.864585876464843750000
-9.600685119628906250000
21.424926757812500000000
-6.652290344238281250000
9.781570434570312500000
5.044815063476562500000
-2.986160278320312500000
-6.449920654296875000000
17.500709533691406250000
-4.902038574218750000000
16.602752685546875000000
-17.728469848632812500000
-15.895057678222656250000
-2.409202575683593750000
-2.180221557617187500000
6.284530639648437500000
4.784156799316406250000
2.471191406250000000000
17.173072814941406250000
7.504470825195312500000
-2.239051818847656250000
-11.356712341308593750000
3.160400390625000000000
-9.084373474121093750000
-10.517814636230468750000
-11.536369323730468750000
-20.453834533691406250000
3.842720031738281250000
-26.069702148437500000000
19.674118041992187500000
11.318901062011718750000
-9.062568664550781250000
32.503082275390625000000
2.131858825683593750000
10.453865051269531250000
-24.046653747558593750000
-2.056983947753906250000
-9.718132019042968750000
-26.312713623046875000000
-2.158027648925781250000
-12.305000305175781250000
-10.241912841796875000000
-2.402061462402343750000
-7.714416503906250000000
11.731117248535156250000
-14.783424377441406250000
7.022209167480468750000
-18.105484008789062500000
0.924636840820312500000
-4.250770568847656250000
-0.408317565917968750000
12.452018737792968750000
-0.615776062011718750000
2.807876586914062500000
-2.646080017089843750000
10.799743652343750000000
-2.325889587402343750000
-11.862495422363281250000
13.949035644531250000000
5.757705688476562500000
-8.747032165527343750000
-8.523132324218750000000
7.563804626464843750000
14.673500061035156250000
-4.298713684082031250000
-5.236473083496093750000
-9.322700500488281250000
11.402603149414062500000
-1.334587097167968750000
3.434501647949218750000
23.538322448730468750000
-9.623672485351562500000
-5.575927734375000000000
16.152114868164062500000
-6.233169555664062500000
47.280418395996093750000
7.092407226562500000000
1.055427551269531250000
5.111923217773437500000
6.531066894531250000000
-20.612106323242187500000
9.682693481445312500000
11.293823242187500000000
18.975532531738281250000
8.445480346679687500000
-4.875938415527343750000
29.976539611816406250000
19.878707885742187500000
19.557243347167968750000
-4.724479675292968750000
-5.160346984863281250000
-11.400604248046875000000
-8.094764709472656250000
30.520240783691406250000
15.623260498046875000000
4.529029846191406250000
-2.027526855468750000000
12.883102416992187500000
-8.584709167480468750000
29.698600769042968750000
9.559577941894531250000
-7.680000305175781250000
-10.806549072265625000000
-13.471450805664062500000
-10.090805053710937500000
-29.553581237792968750000
-15.231147766113281250000
-8.706314086914062500000
-21.409698486328125000000
-49.905487060546875000000
-5.384735107421875000000
5.214508056640625000000
10.664451599121093750000
-11.586769104003906250000
-6.507698059082031250000
2.835845947265625000000
-5.308952331542968750000
18.860649108886718750000
7.177627563476562500000
19.893058776855468750000
19.756607055664062500000
-5.281883239746093750000
3.471992492675781250000
9.931190490722656250000
14.376464843750000000000
-12.683471679687500000000
24.118461608886718750000
5.625633239746093750000
-29.565834045410156250000
-14.759941101074218750000
10.166015625000000000000
-5.550666809082031250000
7.459449768066406250000
19.929840087890625000000
15.895919799804687500000
-4.036605834960937500000
-24.886558532714843750000
-5.756919860839843750000
-13.132972717285156250000
31.689926147460937500000
14.172637939453125000000
-11.197715759277343750000
-31.520881652832031250000
-17.405357360839843750000
20.443801879882812500000
-9.309303283691406250000
-20.984931945800781250000
-14.968620300292968750000
-34.156570434570312500000
-34.454063415527343750000
29.038970947265625000000
19.548652648925781250000
21.660713195800781250000
1.835296630859375000000
-35.876907348632812500000
-24.138381958007812500000
-8.167510986328125000000
34.553718566894531250000
-16.840576171875000000000
8.568969726562500000000
-21.802787780761718750000
-7.711738586425781250000
19.552932739257812500000
13.185241699218750000000
