0.025551
0.006388
0.009582
0.003194
0.003194
0.009582
0.031939
0.006388
0.003194
0.006388
0.015970
0.035133
0.028745
0.060684
0.060684
0.054296
0.015970
0.006388
0.012776
0.006388
0.003194
0.000000
0.031939
0.057490
0.025551
0.003194
0.006388
0.000000
0.009582
0.006388
0.003194
0.054296
0.041521
0.015970
0.015970
0.022357
0.009582
0.022357
0.015970
0.060684
0.006388
0.009582
0.006388
0.006388
0.009582
0.015970
0.038327
0.047909
0.028745
0.015970
0.025551
0.035133
0.019163
0.009582
0.015970
0.003194
0.006388
0.003194
0.003194
0.028745
0.003194
0.003194
0.009582
0.009582
0.003194
0.025551
0.038327
0.019163
0.000000
0.009582
0.019163
0.003194
0.006388
0.006388
0.019163
0.019163
0.015970
0.041521
0.003194
0.070266
0.092623
0.095817
0.044715
0.019163
0.015970
0.015970
0.025551
0.031939
0.022357
0.006388
0.000000
0.003194
0.003194
0.003194
0.009582
0.000000
0.012776
0.000000
0.006388
0.019163
0.000000
0.022357
0.009582
0.031939
0.015970
0.012776
0.015970
0.012776
0.009582
0.009582
0.003194
0.009582
0.006388
0.009582
0.009582
0.003194
0.028745
0.019163
0.003194
0.019163
0.019163
0.012776
0.009582
0.000000
0.009582
0.003194
0.028745
0.047909
0.015970
0.003194
0.022357
0.006388
0.009582
0.019163
0.012776
0.006388
0.022357
0.028745
0.000000
0.003194
0.015970
0.019163
0.006388
0.009582
0.022357
0.038327
0.006388
0.015970
0.006388
0.012776
0.003194
0.035133
0.009582
0.012776
0.015970
0.019163
0.009582
0.003194
0.003194
0.003194
0.012776
0.028745
0.009582
0.006388
0.015970
0.009582
0.012776
0.031939
0.012776
0.003194
0.003194
0.000000
0.009582
0.003194
0.015970
0.009582
0.000000
0.003194
0.003194
0.047909
0.047909
0.012776
0.006388
0.025551
0.031939
0.022357
0.012776
0.025551
0.000000
0.028745
0.041521
0.041521
0.003194
0.019163
0.009582
0.006388
0.015970
0.019163
0.003194
0.003194
0.003194
0.009582
0.019163
0.028745
0.012776
0.035133
0.025551
0.003194
0.047909
0.038327
0.019163
0.000000
0.022357
0.009582
0.012776
0.003194
0.012776
0.041521
0.022357
0.000000
0.025551
0.038327
0.025551
0.031939
0.041521
0.028745
0.012776
0.012776
0.060684
0.044715
0.028745
0.019163
0.012776
0.003194
0.006388
0.003194
0.025551
0.035133
0.006388
0.012776
0.022357
0.000000
0.009582
0.038327
0.015970
0.012776
0.009582
0.041521
0.012776
0.000000
0.009582
0.009582
0.025551
0.009582
0.000000
0.012776
0.022357
0.003194
0.019163
0.038327
0.009582
0.000000
0.003194
0.019163
0.019163
0.006388
0.015970
0.019163
0.000000
0.019163
0.012776
0.012776
0.009582
0.012776
0.006388
0.000000
0.015970
0.025551
0.003194
0.012776
0.003194
0.028745
0.041521
0.022357
0.003194
0.022357
0.022357
0.012776
0.003194
0.012776
0.012776
0.019163
0.028745
0.003194
0.035133
0.035133
0.028745
0.003194
0.022357
0.044715
0.035133
0.003194
0.019163
0.025551
0.019163
0.022357
0.038327
0.015970
0.003194
0.015970
0.019163
0.009582
0.022357
0.003194
0.019163
0.035133
0.019163
0.015970
0.003194
0.009582
0.003194
0.006388
0.019163
0.015970
0.009582
0.015970
0.019163
0.022357
0.003194
0.012776
0.022357
0.012776
0.003194
0.015970
0.022357
0.012776
0.041521
0.012776
0.031939
0.044715
0.003194
0.000000
0.006388
0.000000
0.015970
0.000000
0.006388
0.003194
0.031939
0.015970
0.006388
0.006388
0.012776
0.006388
0.009582
0.003194
0.012776
0.012776
0.000000
0.035133
0.057490
0.041521
0.035133
0.038327
0.025551
0.015970
0.015970
0.028745
0.006388
0.012776
0.006388
0.000000
0.000000
0.012776
0.022357
0.028745
0.041521
0.022357
0.003194
0.025551
0.022357
0.015970
0.000000
0.003194
0.000000
0.012776
0.038327
0.047909
0.038327
0.019163
0.025551
0.028745
0.009582
0.012776
0.028745
0.000000
0.019163
0.009582
0.000000
0.009582
0.003194
0.003194
0.000000
0.035133
0.025551
0.022357
0.038327
0.006388
0.000000
0.000000
0.022357
0.025551
0.003194
0.019163
0.009582
0.006388
0.019163
0.000000
0.015970
0.003194
0.009582
0.003194
0.006388
0.022357
0.025551
0.035133
0.047909
0.038327
0.000000
0.025551
0.028745
0.000000
0.009582
0.028745
0.038327
0.035133
0.022357
0.019163
0.009582
0.022357
0.022357
0.019163
0.015970
0.044715
0.022357
0.028745
0.000000
0.031939
0.022357
0.035133
0.003194
0.009582
0.006388
0.015970
0.022357
0.012776
0.006388
0.006388
0.006388
0.022357
0.012776
0.009582
0.025551
0.012776
0.003194
0.003194
0.038327
0.035133
0.009582
0.025551
0.041521
0.028745
0.022357
0.028745
0.038327
0.000000
0.006388
0.038327
0.025551
0.012776
0.022357
0.000000
0.019163
0.009582
0.003194
0.019163
0.003194
0.012776
0.015970
0.028745
0.012776
0.047909
0.035133
0.012776
0.012776
0.009582
0.006388
0.012776
0.003194
0.025551
0.028745
0.022357
0.003194
0.006388
0.003194
0.022357
0.047909
0.025551
0.006388
0.003194
0.019163
0.009582
